52,7,69,2,3
52,7,69,30,67
52,7,68,94,95
52,7,69,89,97
53,6,69,80,84
53,8,69,90,87
53,8,69,97,96
53,9,69,95,94
53,6,69,88,92
53,7,69,86,86
53,7,69,94,89
53,9,69,89,92
52,7,69,85,89
52,7,70,86,86
52,7,70,91,88
52,8,69,91,91
51,6,69,90,88
52,7,69,91,90
51,8,69,87,90
51,7,69,90,89
51,6,69,91,93
52,7,69,88,90
51,8,69,90,89
51,8,68,90,89
51,6,68,92,86
52,8,68,88,91
51,9,68,90,89
52,8,68,92,94
52,7,68,88,91
52,8,68,89,91
51,8,68,90,89
52,8,68,93,89
52,7,68,90,90
52,8,68,91,88
52,8,68,90,91
51,8,68,90,89
51,9,68,87,89
51,9,68,88,90
51,8,68,90,90
51,7,69,91,91
51,8,69,92,90
50,11,69,90,90
50,10,69,91,89
50,9,69,89,91
50,10,68,90,90
50,10,68,91,89
50,9,68,92,87
50,10,68,89,89
50,12,69,91,87
50,12,68,93,90
50,9,68,90,92
50,10,68,88,92
49,9,68,90,89
49,10,68,91,88
49,11,68,89,91
48,11,68,87,86
48,13,68,89,87
48,14,68,90,90
47,14,68,90,91
47,15,68,92,90
47,17,68,91,92
47,15,68,88,91
47,17,68,90,89
46,17,68,89,91
46,18,68,86,85
46,18,70,85,84
46,18,70,82,82
45,19,70,77,78
45,21,70,78,78
45,23,70,86,85
45,24,70,96,93
44,26,70,98,96
43,28,70,98,97
43,29,70,94,93
43,32,70,90,88
42,35,70,89,88
42,36,70,91,89
41,38,70,87,88
40,41,70,87,86
38,44,70,95,94
34,47,71,95,95
32,49,70,94,92
31,50,70,93,92
27,52,70,91,90
24,53,70,87,89
23,55,70,87,91
24,56,69,89,89
25,57,70,86,85
19,58,70,87,88
17,58,69,90,89
15,57,68,93,93
14,57,69,95,97
13,58,69,94,98
11,57,68,93,91
9,57,68,86,85
6,57,69,83,85
3,57,68,83,88
2,57,68,86,88
2,57,68,91,93
1,57,68,92,92
1,57,68,95,91
1,57,67,96,91
1,57,68,93,90
2,57,68,88,90
4,57,68,89,89
7,58,68,90,90
8,58,67,90,93
8,57,67,90,88
7,58,68,89,89
9,58,67,89,92
7,58,68,92,91
7,58,68,89,89
8,58,68,90,88
7,58,68,89,91
8,57,68,91,93
10,58,68,92,94
11,58,68,89,92
13,58,69,89,91
13,58,69,90,90
16,59,69,88,90
18,59,70,92,91
25,59,70,89,93
27,59,70,89,89
29,59,70,90,88
34,59,70,90,92
38,60,70,89,93
43,59,71,87,88
46,59,70,76,90
45,58,71,-71,92
44,58,70,-102,90
42,58,70,-108,88
37,58,70,-88,87
23,59,70,-76,99
21,59,69,-82,102
10,58,69,-96,107
9,57,68,-96,114
7,58,67,-98,113
8,58,68,-107,109
8,58,68,-111,105
8,57,68,-111,99
9,57,68,-99,100
12,57,68,-93,101
20,50,68,-99,98
33,34,68,-99,102
45,18,68,-99,97
50,11,68,-99,99
51,9,68,-98,101
51,7,68,-101,101
51,7,68,-90,98
51,6,68,81,92
51,9,68,97,91
52,7,68,89,89
51,7,68,84,89
51,8,68,80,90
51,8,68,87,91
51,6,68,91,92
51,7,68,91,93
50,8,68,88,92
51,8,68,87,87
51,7,68,91,91
51,7,68,89,92
51,8,68,91,89
51,7,68,89,90
51,7,68,89,91
51,7,67,93,91
51,7,68,90,91
51,8,68,85,89
51,7,67,87,91
51,9,67,87,89
51,7,67,90,90
51,8,68,94,90
51,8,67,92,90
51,11,67,90,92
51,9,67,89,90
51,3,67,88,87
51,3,68,90,90
52,5,68,93,90
52,9,68,91,92
52,8,67,92,90
53,9,68,90,87
53,17,69,89,88
53,14,69,92,92
53,12,69,92,93
53,9,69,89,91
53,7,70,87,89
53,7,69,87,87
53,7,69,88,87
53,8,69,89,87
53,9,68,91,92
53,8,67,92,93
52,12,68,90,95
52,17,68,91,90
51,25,67,89,88
51,32,68,89,87
51,42,67,89,89
49,52,67,87,88
47,57,66,-23,98
48,54,67,-90,97
50,46,67,-92,90
52,22,68,-79,92
52,2,68,-90,98
51,1,68,-21,95
52,2,68,90,93
52,2,68,95,91
51,9,68,89,90
51,8,68,81,91
51,7,68,79,90
51,8,68,89,95
51,8,68,89,95
51,8,68,85,91
51,7,68,87,90
51,7,69,88,95
50,8,69,91,95
49,11,68,92,89
49,11,69,94,90
48,12,68,91,88
46,16,68,88,88
45,21,68,92,91
41,29,68,91,88
37,37,68,87,87
31,43,68,86,90
24,50,68,88,91
16,55,69,87,90
11,59,67,87,92
10,61,67,94,91
13,62,68,91,89
10,62,68,92,91
8,61,66,93,89
7,60,68,89,89
6,59,67,89,91
6,59,67,90,91
8,58,67,91,90
6,58,67,88,91
7,58,67,91,95
8,58,66,92,92
7,57,66,91,92
8,57,67,88,90
7,57,67,90,88
8,57,66,90,88
11,58,66,89,93
11,58,67,89,92
11,58,67,92,91
14,58,68,90,93
16,57,67,90,88
15,57,68,89,87
18,58,68,90,88
24,59,68,90,90
29,59,69,87,86
35,59,69,84,87
38,59,69,79,83
44,59,69,77,84
49,59,70,20,95
50,60,70,-68,100
50,59,70,-98,102
45,59,69,-87,86
31,58,68,-82,97
12,58,67,-98,109
11,58,68,-100,112
8,58,68,-100,110
6,58,67,-100,104
6,57,66,-101,99
3,58,68,-103,99
1,57,68,-103,100
1,54,68,-98,99
17,18,68,-100,102
38,12,68,-99,99
49,8,68,-102,98
51,8,67,-23,92
51,6,68,73,91
51,7,68,95,93
50,6,68,84,92
42,6,68,86,92
25,1,68,90,93
19,1,68,88,92
14,1,68,88,90
8,2,67,91,89
9,2,67,87,93
6,3,67,93,91
6,4,68,91,91
5,7,67,87,91
7,16,67,89,86
7,27,67,91,91
9,38,66,93,92
8,48,66,90,87
7,57,66,86,91
6,58,67,89,91
8,58,67,88,89
10,58,66,91,92
8,58,66,93,92
8,58,66,94,90
13,58,66,89,88
21,58,66,88,89
35,57,66,88,91
47,57,66,88,91
52,57,66,79,98
52,58,66,-78,99
53,57,67,-124,95
53,57,68,-112,91
46,57,67,-80,94
27,57,66,-95,98
16,57,66,-100,101
7,58,66,-106,102
3,58,67,-103,99
1,58,66,-97,99
1,58,67,-98,99
1,58,65,-100,99
1,55,67,-99,97
1,44,67,-100,98
4,29,67,-102,96
7,12,67,-97,100
7,3,67,-98,102
9,6,67,-27,94
6,8,68,66,91
7,8,68,89,90
7,5,68,94,91
8,6,68,90,89
7,6,68,83,91
6,12,68,83,92
6,37,68,89,94
8,53,68,88,93
11,58,67,86,91
11,59,67,87,92
11,59,67,91,91
9,58,68,92,90
9,58,68,92,89
10,57,67,89,91
16,57,67,87,90
26,57,67,87,88
34,57,67,89,93
41,57,67,89,91
48,57,67,84,90
51,57,67,25,99
51,57,67,-60,97
51,57,67,-98,94
51,57,67,-99,90
51,57,67,-82,92
40,57,67,-90,100
24,57,67,-98,105
18,57,67,-102,108
12,57,67,-108,107
17,57,67,-99,98
8,57,67,-96,97
7,57,67,-99,99
6,56,67,-100,99
7,50,67,-103,98
8,35,67,-96,102
6,19,67,-97,102
7,7,67,-101,101
7,4,68,-101,99
8,17,66,-86,95
10,12,67,74,94
10,12,67,103,93
7,19,67,107,90
7,16,66,97,91
10,9,66,83,90
8,8,66,81,96
6,12,66,87,92
6,17,66,85,92
9,26,65,89,92
5,35,66,90,87
6,42,67,92,91
7,50,66,91,92
7,54,66,89,95
6,57,67,89,94
7,57,66,88,88
8,57,67,89,87
7,57,67,88,87
6,57,67,88,90
7,58,68,89,91
9,57,68,93,92
8,58,68,89,90
10,58,69,88,88
14,58,69,92,91
17,58,69,91,91
19,59,69,88,91
25,59,69,89,91
29,58,68,90,86
37,58,68,89,86
43,58,68,90,92
48,58,68,24,98
48,58,68,-92,97
47,58,68,-102,92
42,58,67,-88,89
28,58,67,-81,98
12,58,68,-91,100
12,57,68,-109,104
9,57,68,-108,107
5,57,68,-104,106
6,57,68,-94,104
7,57,68,-92,102
7,56,68,-98,98
10,42,67,-104,100
11,25,67,-105,99
18,16,68,-102,101
36,8,68,-97,98
47,6,68,-95,100
51,6,68,-82,95
52,3,68,41,94
52,4,68,102,91
52,7,68,97,88
52,15,68,90,92
51,7,67,82,89
52,9,68,81,92
52,8,68,85,94
51,3,68,90,92
51,8,68,89,93
51,9,68,92,91
51,3,68,89,90
51,3,68,90,91
51,4,68,92,89
51,6,68,88,92
51,11,68,89,88
50,12,68,91,90
50,10,68,89,95
50,7,68,93,95
49,9,68,92,89
48,12,68,87,88
48,14,68,90,87
47,12,68,89,88
47,9,68,89,90
47,8,68,90,89
47,2,68,89,93
48,3,68,86,93
50,4,68,90,89
51,5,67,92,89
52,6,66,90,88
52,6,63,88,92
51,8,57,90,89
51,6,46,90,87
51,8,38,87,92
51,8,22,90,92
51,8,14,91,92
51,10,9,90,92
51,15,7,89,89
51,15,6,91,89
52,16,12,89,86
52,24,10,87,83
52,32,11,81,79
52,35,11,72,76
53,36,9,71,76
53,46,12,79,82
53,55,13,93,97
54,58,7,113,103
53,58,5,115,103
53,58,6,89,91
53,58,9,76,70
52,59,14,75,75
53,59,14,82,82
53,59,14,90,84
53,59,11,95,81
53,59,7,94,82
54,60,19,95,89
54,60,26,98,94
55,61,34,100,99
55,61,37,99,100
55,61,49,92,97
53,58,59,100,97
53,59,59,104,-117
53,59,43,85,-99
53,60,25,86,-88
52,59,20,90,-99
53,60,11,97,-102
52,59,11,98,-104
52,59,12,100,-105
53,60,8,103,-96
53,58,13,102,-93
53,59,38,101,-99
53,59,67,104,-101
53,59,72,104,-102
53,58,72,104,-106
53,50,71,100,-103
54,36,71,98,-97
54,29,70,98,-95
54,8,70,97,-101
54,4,70,93,-91
53,5,70,95,-22
53,5,70,94,65
53,4,70,91,96
52,2,70,90,92
53,2,70,90,92
53,3,68,91,87
53,7,69,92,85
53,9,69,93,88
53,11,70,93,87
53,9,70,93,83
53,8,70,89,90
53,7,70,89,89
53,6,69,90,88
53,5,70,90,89
53,3,70,92,89
53,6,70,90,90
53,9,70,92,90
53,8,70,91,87
53,9,70,91,90
53,2,70,92,90
53,1,70,90,87
53,1,70,88,91
53,1,70,86,89
52,2,70,89,89
52,2,69,90,93
52,1,69,91,90
52,2,69,91,93
51,2,68,91,92
51,3,68,90,89
51,6,67,88,88
51,8,69,91,90
50,11,69,92,93
49,14,68,91,92
49,18,67,90,91
48,23,66,90,89
45,30,68,92,89
41,35,68,93,90
34,40,68,89,90
24,44,68,89,88
17,49,67,88,87
9,53,68,89,88
4,56,68,91,91
4,57,68,92,91
13,57,68,94,93
15,57,68,93,86
5,56,68,90,89
4,56,67,92,91
8,56,67,92,89
8,56,67,89,89
7,57,68,86,91
7,57,68,88,91
8,57,68,89,91
6,57,68,91,93
2,57,69,93,92
2,57,67,93,92
4,57,67,89,89
5,57,66,87,90
14,57,66,90,89
15,57,67,90,88
18,57,67,88,92
25,57,67,90,93
31,57,68,91,93
37,57,69,92,93
43,57,67,90,96
48,58,68,21,92
49,59,69,-71,94
50,59,70,-116,87
47,59,70,-97,83
36,59,70,-82,88
26,58,70,-92,94
18,58,71,-95,107
7,58,71,-95,111
5,58,71,-97,110
4,58,70,-101,99
4,58,71,-98,95
4,59,70,-99,94
5,58,71,-100,96
5,56,70,-97,95
9,48,70,-103,97
9,40,69,-103,101
7,31,69,-100,104
8,24,69,-101,107
7,14,68,-101,109
7,13,68,-103,110
6,5,68,-110,110
10,2,67,-90,94
8,2,67,40,91
7,2,68,99,92
8,2,68,106,93
8,3,68,95,90
7,3,68,83,91
8,2,68,83,91
6,5,68,90,92
7,23,68,89,95
7,35,68,85,89
8,38,68,88,89
7,47,68,88,93
6,54,69,90,88
8,57,67,93,92
10,57,68,90,93
10,57,68,89,89
10,57,67,89,85
15,57,68,92,89
25,57,67,87,90
39,57,67,88,91
49,57,67,85,94
51,57,67,85,94
51,57,67,-41,99
51,58,68,-116,92
50,57,68,-88,95
31,57,68,-94,98
19,57,68,-100,103
14,57,68,-106,104
10,57,68,-104,102
2,57,68,-95,100
3,57,68,-99,97
8,56,68,-99,96
8,48,68,-102,99
8,35,68,-103,103
8,18,68,-95,100
13,9,68,-99,100
26,7,69,-92,98
36,9,68,0,92
42,6,68,72,90
42,9,68,89,89
42,7,68,89,89
39,8,68,84,94
35,10,68,85,94
28,11,68,84,94
21,16,68,85,92
14,29,68,88,92
18,47,68,88,91
11,56,68,91,88
7,58,68,91,86
8,58,68,88,91
6,59,69,89,91
8,60,66,91,90
7,59,68,87,90
8,59,68,87,90
8,58,68,90,89
8,58,69,89,90
11,58,68,90,92
12,58,68,91,90
17,58,68,91,87
23,59,68,91,92
32,58,69,93,90
45,58,69,90,92
51,58,69,90,93
53,58,70,25,97
53,58,69,-92,97
53,58,69,-105,91
48,59,69,-78,96
25,59,69,-91,99
12,58,69,-106,103
9,58,69,-108,105
8,58,69,-103,104
6,59,69,-97,103
2,59,68,-98,97
2,60,69,-102,96
8,62,69,-107,99
8,61,68,-106,100
16,43,66,-99,103
25,13,68,-97,101
38,9,68,-98,99
48,9,69,-99,97
51,6,68,-23,97
51,8,69,86,92
51,6,69,94,87
51,7,69,91,89
51,7,69,86,92
50,8,68,79,95
48,7,68,79,93
46,9,68,86,94
40,8,68,91,94
32,9,68,86,91
23,9,68,89,90
13,6,69,89,90
7,12,68,93,95
4,19,68,93,91
6,29,68,90,90
9,40,68,91,91
8,49,69,88,88
6,57,68,90,89
7,63,69,93,92
8,60,68,89,94
8,59,69,89,93
7,59,69,94,94
6,59,68,92,91
7,60,69,89,88
6,60,67,87,88
2,60,69,91,88
2,59,69,90,91
3,59,69,88,92
5,59,69,91,91
8,59,69,89,88
7,59,69,88,87
6,59,70,90,93
7,59,69,92,93
8,59,70,92,91
11,59,70,90,90
12,59,69,89,88
14,58,69,87,83
18,57,68,89,84
25,57,69,89,88
34,57,69,88,89
41,57,70,88,88
48,57,69,91,93
51,57,68,26,96
51,58,68,-61,99
51,58,68,-96,97
50,58,68,-96,93
40,57,68,-84,96
19,57,68,-99,99
11,58,68,-103,104
9,58,68,-108,105
9,58,68,-99,104
6,58,67,-97,102
1,58,68,-98,96
5,59,68,-101,99
8,58,68,-104,98
8,48,68,-102,97
7,22,69,-99,100
7,7,69,-99,101
11,8,69,-76,98
17,7,69,47,91
15,8,69,95,92
16,8,69,92,93
15,7,69,87,88
12,8,68,82,90
10,10,68,81,88
8,6,69,87,96
6,6,68,93,96
8,11,68,91,90
6,16,68,89,87
6,23,68,87,88
8,28,68,88,91
6,34,67,88,91
6,41,68,87,88
7,46,68,86,91
8,50,68,88,93
6,54,68,90,94
7,56,68,94,91
7,57,68,95,90
7,57,68,89,88
6,57,68,88,87
7,58,69,91,91
7,58,68,91,90
7,58,69,90,88
7,58,68,88,93
7,57,68,91,93
8,58,68,88,88
7,58,68,92,90
8,58,68,93,89
9,58,67,89,88
10,58,69,89,91
10,58,70,87,87
11,58,69,86,82
13,58,69,80,81
15,58,69,78,80
18,58,69,82,85
18,59,69,90,90
23,59,70,91,97
30,59,70,91,91
34,59,70,87,87
40,59,70,91,90
47,59,70,88,94
50,59,70,22,98
50,59,70,-82,92
48,60,69,-98,84
46,60,69,-90,82
37,59,69,-77,96
24,57,70,-80,103
17,58,68,-88,110
9,57,69,-100,110
6,57,69,-106,106
6,58,69,-109,102
6,57,68,-108,102
7,57,69,-104,105
7,57,68,-98,102
7,57,69,-101,101
7,53,68,-102,98
8,42,69,-100,97
14,25,68,-99,101
30,13,67,-100,102
37,8,67,-103,103
47,7,67,-103,102
50,7,67,-29,94
51,6,67,86,91
51,8,66,96,91
51,8,67,91,89
51,6,67,82,87
51,8,67,78,91
51,7,67,82,94
51,7,67,91,96
51,7,67,94,95
51,7,67,93,92
51,7,68,89,90
51,7,67,90,88
51,6,67,88,88
51,7,68,88,89
52,8,67,87,89
51,7,66,88,90
51,7,67,91,91
50,8,67,93,89
51,7,67,93,94
50,7,66,89,89
50,7,66,87,89
50,7,66,87,90
50,8,66,86,90
49,7,66,91,96
49,8,66,97,91
49,7,66,93,90
48,8,66,91,90
48,7,67,90,87
48,7,68,89,93
48,7,67,91,90
47,6,68,92,91
47,8,69,90,96
46,7,69,92,87
45,8,69,89,88
45,8,69,90,89
43,9,70,91,90
42,8,70,92,92
41,8,70,89,90
40,8,70,84,90
39,9,71,88,90
38,9,71,90,88
37,12,70,91,87
35,12,70,91,84
36,12,70,89,82
34,12,70,82,84
34,13,70,82,86
34,12,70,78,85
36,12,70,75,82
35,12,70,79,81
34,13,71,83,85
32,16,71,88,85
31,19,71,92,84
31,19,70,92,84
29,21,70,92,87
24,21,70,91,93
26,23,71,90,96
27,23,70,90,95
32,25,70,90,90
30,26,70,88,89
29,26,70,87,90
28,27,69,87,86
31,28,69,83,79
34,30,69,79,76
29,31,69,80,83
28,33,71,87,88
25,36,69,99,95
24,38,70,106,108
23,40,70,115,120
22,42,69,105,112
19,44,70,94,95
16,45,70,89,86
18,46,69,86,85
14,47,69,86,86
14,48,69,89,86
14,50,70,89,91
13,51,70,90,90
11,51,68,87,85
11,52,69,83,82
11,53,70,79,84
10,54,70,82,87
10,55,70,87,87
9,55,70,91,92
9,57,70,99,99
9,57,70,107,103
7,58,70,96,97
8,58,69,86,88
8,58,69,85,84
6,58,69,86,87
6,58,69,92,92
8,59,69,92,90
8,58,69,88,83
10,58,68,84,80
9,58,69,86,80
9,59,70,87,80
4,59,70,92,88
2,59,70,93,95
2,58,70,94,98
2,59,70,92,105
7,58,69,90,105
10,58,69,83,88
11,58,69,84,83
15,59,69,83,82
5,59,70,84,89
3,59,70,86,92
2,59,70,89,90
2,59,71,92,93
4,58,69,99,96
5,59,70,107,97
4,58,69,107,92
5,58,70,87,84
6,58,69,81,79
7,58,69,80,82
7,59,70,89,91
6,59,70,96,93
5,59,70,92,91
4,59,70,90,91
5,59,69,90,89
5,59,69,91,88
5,59,70,89,92
5,59,70,92,92
6,59,70,95,90
11,59,71,91,87
8,59,70,86,87
8,59,69,91,89
7,59,70,92,95
8,59,70,92,93
8,59,70,89,86
8,59,69,86,87
8,59,69,91,89
6,59,69,95,91
7,58,68,96,96
7,58,69,94,94
8,58,70,90,88
8,58,69,85,85
8,58,68,83,86
13,58,69,85,85
17,59,68,91,90
22,58,68,92,96
29,58,68,95,96
38,58,68,94,93
46,58,70,93,90
51,58,69,33,96
52,58,69,-70,96
52,58,69,-91,89
52,58,69,-86,83
53,58,68,-74,95
53,58,68,-86,101
53,58,68,-97,101
53,58,69,-99,103
52,57,67,-101,107
50,55,67,-103,111
45,41,67,-108,110
40,28,67,-112,109
34,20,67,-109,107
30,18,67,-103,98
21,15,67,-98,97
16,16,67,-96,99
13,14,67,-99,99
10,13,67,-100,98
7,12,66,-100,99
8,10,67,-98,102
6,8,68,-99,103
5,10,67,-77,97
7,8,67,40,93
5,8,68,93,92
7,9,67,94,92
7,11,68,88,88
7,19,68,80,88
8,26,68,82,89
8,41,68,92,95
10,51,68,93,97
15,56,68,90,95
19,57,69,88,89
27,58,67,86,89
33,58,68,90,90
40,58,68,95,91
47,58,68,93,94
51,58,69,23,94
52,59,69,-87,99
52,59,69,-116,93
48,59,69,-83,90
34,59,69,-90,97
21,59,69,-100,96
13,59,69,-111,100
9,58,69,-110,104
9,58,69,-104,104
6,57,69,-95,104
7,53,69,-97,104
7,44,69,-99,101
8,34,69,-98,100
7,19,69,-99,101
7,13,68,-98,101
7,11,68,-100,97
15,7,69,-94,98
30,7,69,0,93
32,8,69,104,92
30,8,69,120,93
23,7,69,87,88
21,7,69,81,91
15,10,69,87,92
12,10,70,92,93
16,12,69,89,92
11,19,69,86,88
10,21,68,91,90
9,28,67,91,89
11,36,69,89,90
8,42,68,90,90
6,48,69,89,89
6,53,69,86,89
7,56,69,90,92
6,56,68,93,90
6,57,68,92,92
6,57,68,91,93
7,57,67,88,93
7,57,67,87,88
7,58,66,89,87
8,58,67,90,90
8,58,67,91,92
9,58,68,91,91
10,58,68,91,89
13,58,68,89,91
16,58,68,91,93
19,58,68,90,90
24,57,68,87,89
29,57,68,90,86
32,57,68,90,88
37,57,68,87,92
41,57,67,88,91
45,57,68,90,91
49,58,69,25,99
50,57,69,-92,99
48,57,68,-113,93
42,58,69,-91,94
26,58,69,-86,96
16,58,68,-96,101
10,58,68,-108,102
8,57,68,-111,99
7,58,68,-97,99
7,57,68,-93,96
6,58,68,-95,98
6,57,68,-99,101
8,56,68,-104,96
11,51,69,-107,98
13,37,68,-102,100
23,23,67,-98,101
42,11,67,-98,103
49,9,68,-96,97
51,7,68,-89,95
51,8,68,55,88
51,8,69,110,90
51,7,69,107,90
51,8,69,85,91
51,7,68,80,92
51,7,69,84,94
51,7,69,91,98
51,6,68,85,95
51,7,68,86,88
51,5,68,90,89
51,8,68,94,91
50,7,68,92,92
50,6,69,87,91
