56,7,72,0,0
55,7,72,51,67
55,7,72,66,57
55,7,71,62,58
55,7,71,56,57
55,7,71,56,56
55,7,71,59,60
54,7,70,55,58
54,8,70,61,60
56,8,72,53,53
56,9,71,62,66
56,9,71,58,57
56,9,72,59,59
56,9,71,57,59
56,9,72,58,59
54,9,70,58,57
54,9,70,59,62
51,10,69,58,60
30,10,69,57,59
11,7,69,4,73
5,7,69,7,75
5,7,68,-85,104
20,8,27,-103,104
52,34,10,-96,99
53,43,9,87,-89
34,14,18,101,-104
5,6,68,102,-104
5,7,67,-113,94
31,15,20,-107,110
54,47,9,-98,100
54,52,8,93,-97
43,22,10,102,-106
8,6,68,107,-104
5,7,68,18,81
5,6,67,-95,94
23,6,23,-104,101
53,35,13,-97,97
54,39,11,94,-93
32,7,18,99,-109
5,6,68,97,-97
5,6,69,-90,91
6,6,48,-85,101
44,9,20,-101,97
55,52,11,-104,98
55,57,9,89,-90
52,20,15,107,-107
13,6,31,103,-99
5,7,70,100,-99
5,6,68,-115,98
6,6,53,-97,102
43,10,18,-99,99
56,52,11,-104,99
55,55,9,87,-83
51,18,14,106,-109
10,6,53,107,-104
5,6,70,101,-102
5,7,68,-101,99
5,6,68,-98,97
35,8,19,-104,101
55,44,11,-100,97
55,48,10,96,-95
48,14,14,104,-106
9,6,56,106,-101
5,6,65,5,73
5,6,61,-93,85
34,6,34,-106,99
56,47,15,-102,100
54,52,13,91,-86
52,12,22,105,-110
12,6,38,102,-102
5,6,69,98,-100
5,6,67,-98,98
6,6,47,-98,107
48,8,30,-102,101
56,51,15,-105,100
55,55,12,103,-105
54,16,21,105,-110
18,6,40,99,-103
5,6,68,97,-100
5,6,68,-93,94
7,6,52,-90,99
47,7,32,-102,100
50,10,26,79,4
26,6,55,93,-85
10,6,58,9,78
7,6,66,7,79
7,6,68,-82,101
49,6,68,-98,101
53,6,68,64,59
51,6,70,52,64
39,7,70,57,60
16,8,70,58,61
10,12,69,7,75
29,8,69,-75,105
55,6,70,-105,100
55,7,71,61,62
55,7,71,51,63
55,7,71,61,63
54,7,70,58,59
51,8,70,62,63
43,22,70,59,58
24,49,69,62,60
40,36,69,-85,98
55,7,70,-102,109
54,7,70,42,57
54,7,69,56,59
53,7,69,59,68
53,7,69,58,64
54,7,69,58,61
54,8,69,59,62
54,11,71,58,60
53,17,69,62,58
52,29,69,61,58
50,42,69,60,62
47,53,69,61,60
41,60,69,58,59
31,61,69,58,62
47,58,69,-80,93
54,7,69,-97,104
54,10,69,-98,102
54,36,68,61,58
54,47,66,52,62
55,51,64,59,62
55,52,65,64,65
55,53,64,64,64
56,54,64,61,58
56,55,63,62,61
54,54,61,63,64
54,54,61,58,62
54,54,61,65,61
54,54,62,62,59
54,54,61,61,57
51,55,62,59,58
26,54,63,57,60
12,45,39,-84,88
33,49,8,-99,102
53,57,7,-99,103
53,58,8,88,-92
41,47,8,92,-91
10,25,12,103,-94
6,8,66,107,-100
6,7,68,-91,93
6,26,51,-106,88
16,31,8,-96,96
45,44,8,-101,98
45,40,7,98,-95
17,18,8,90,-80
6,7,19,99,-91
6,6,67,109,-105
6,7,68,-93,91
6,9,60,-95,80
6,9,14,-85,93
23,17,8,-101,97
52,41,7,-110,109
53,43,7,95,-92
33,18,7,99,-103
6,7,9,94,-79
6,6,8,-89,95
22,14,8,-97,85
53,39,8,-114,109
53,39,8,90,-93
29,13,8,97,-99
6,6,10,95,-71
5,6,27,100,-100
6,7,67,103,-107
6,7,68,-95,86
6,7,69,-96,82
6,6,10,-95,97
8,6,10,-99,96
43,14,11,-107,108
55,42,10,-93,102
55,47,9,93,-97
51,20,11,97,-103
17,7,12,98,-101
5,6,16,97,-79
5,6,22,99,-98
7,6,67,108,-105
8,7,68,-92,84
5,7,63,-93,76
6,6,12,-90,92
6,6,15,-101,97
37,7,16,-109,111
55,27,15,-94,103
54,30,15,90,-88
40,7,22,104,-101
6,6,42,76,-4
5,7,65,81,13
5,7,69,-94,104
6,6,70,-99,100
34,6,68,-100,102
43,6,69,-13,76
40,6,69,66,61
22,6,70,54,60
15,8,70,5,75
15,10,71,0,81
14,18,69,26,80
40,10,69,-80,107
54,7,68,-95,95
53,7,67,51,61
53,6,66,57,64
54,7,69,61,66
54,9,69,57,60
51,15,69,57,61
40,35,64,58,58
26,52,52,60,63
42,32,61,-84,95
53,8,62,-103,106
54,7,70,60,60
55,8,71,54,61
55,7,71,57,63
55,8,71,60,61
55,9,72,60,60
56,11,72,58,62
56,17,71,59,59
54,30,70,61,58
53,44,71,57,59
50,55,73,63,66
45,62,72,64,63
35,63,73,63,61
50,60,74,-84,92
57,9,73,-94,96
57,7,73,-98,96
56,13,73,55,64
56,19,73,58,55
56,24,72,57,63
54,28,70,59,59
54,29,70,60,61
38,29,70,59,58
9,22,70,60,59
6,14,68,-87,94
13,18,12,-97,93
42,26,7,-100,105
54,55,7,-98,99
54,58,7,88,-86
50,35,7,106,-104
15,15,8,93,-90
6,8,60,96,-101
6,7,64,-83,97
6,7,30,-78,79
16,9,8,-107,104
52,28,10,-111,110
53,34,9,87,-93
28,11,9,107,-109
6,7,9,96,-90
6,6,13,-89,97
12,6,10,-99,99
53,23,13,-109,110
53,23,13,92,-94
18,6,13,103,-107
6,7,13,94,-91
6,6,69,99,-101
6,6,71,-92,91
6,6,62,-88,89
6,6,17,-108,105
34,6,26,-107,113
54,34,20,-99,99
54,39,17,97,-90
42,7,22,99,-102
6,6,18,94,-93
6,7,47,99,-97
8,6,72,102,-98
10,6,70,-97,90
13,6,70,19,88
24,5,70,6,78
33,11,71,0,78
47,39,70,30,81
53,61,71,3,83
55,62,70,13,77
55,62,69,7,81
55,62,70,3,78
55,62,69,15,79
55,61,69,2,79
55,62,68,3,77
55,62,70,17,83
55,62,70,4,81
56,63,72,26,75
56,63,72,0,77
54,62,70,22,82
53,62,69,3,77
44,62,70,3,85
37,62,71,27,79
8,64,73,-84,100
13,63,72,-98,97
55,11,71,-100,100
56,8,72,-101,96
55,13,71,65,59
55,14,70,54,63
55,12,70,60,63
54,10,70,58,61
55,8,70,61,65
54,7,69,60,60
55,7,70,57,60
55,7,69,60,61
54,7,69,60,61
54,7,69,60,59
54,7,69,62,62
53,7,69,61,61
53,7,68,64,60
53,7,68,63,58
53,7,68,61,61
53,7,68,61,60
54,7,69,56,59
54,8,69,61,62
55,9,69,58,57
55,10,70,57,57
54,12,69,59,61
54,15,68,59,61
53,19,69,59,61
54,25,69,60,61
54,30,70,61,59
51,36,70,60,60
28,42,70,59,62
11,14,71,-80,96
23,7,72,-91,91
21,7,72,-5,73
13,10,70,0,76
8,8,56,10,79
14,7,13,-97,110
51,22,11,-102,93
53,26,10,96,-96
26,7,11,101,-101
6,6,49,103,-89
6,6,69,99,-81
6,6,69,-93,92
6,6,70,-86,80
10,7,15,-111,109
48,13,15,-98,97
52,18,13,90,-93
23,7,16,99,-92
6,7,30,102,-95
6,6,68,91,-87
6,6,68,-98,74
6,6,68,-86,73
10,7,15,-111,110
49,15,14,-98,93
51,16,14,86,-96
17,7,14,103,-101
6,6,51,102,-91
6,7,69,96,-87
6,6,69,-97,76
6,6,72,-80,75
6,7,24,-105,108
37,7,15,-96,99
55,33,13,-102,103
54,38,13,98,-96
44,8,18,101,-104
6,7,18,101,-94
6,6,57,93,-85
6,6,61,-96,70
6,7,42,-83,77
17,7,14,-114,111
51,15,16,-100,101
53,20,14,89,-105
27,7,18,100,-100
6,7,29,100,-91
6,6,65,95,-88
6,6,68,-94,86
6,6,64,-80,72
7,7,18,-109,110
41,7,22,-98,97
55,45,13,-100,102
55,51,11,94,-111
53,15,17,100,-97
16,7,30,100,-97
6,7,36,101,-97
6,6,65,94,-96
6,6,68,-93,79
6,6,68,-79,74
6,7,24,-104,106
34,7,24,-95,97
55,30,18,-99,96
55,38,14,91,-95
47,8,22,100,-104
6,7,28,100,-96
6,7,43,102,-87
6,7,47,-94,82
6,7,30,-88,75
24,7,29,-103,101
54,19,22,-103,102
55,27,19,96,-94
38,7,30,103,-104
7,7,48,81,-5
6,7,57,-98,111
27,6,56,-97,97
39,7,64,-5,83
39,7,60,12,80
36,7,69,21,85
36,6,70,6,79
42,7,70,2,79
42,7,70,28,83
42,7,70,68,57
24,12,69,58,63
8,40,70,61,63
12,37,69,-84,95
51,7,67,-102,99
53,7,68,48,60
53,7,67,52,59
52,8,67,59,65
49,16,68,61,59
39,37,69,61,59
21,56,70,60,60
38,47,70,-84,93
55,8,69,-99,103
55,7,70,73,60
55,7,70,52,57
55,7,70,58,63
55,8,70,58,59
55,10,70,58,61
55,14,72,58,61
53,27,72,60,57
50,43,73,60,58
43,57,71,59,62
31,62,70,60,59
48,52,71,-81,93
55,7,72,-102,103
56,7,72,-99,101
55,21,71,53,56
55,26,71,57,65
56,25,72,54,54
56,23,72,57,61
56,23,72,56,55
56,22,72,58,58
