57,7,71,0,0
56,7,71,55,62
56,7,71,65,57
56,7,70,65,67
55,7,70,62,59
56,7,70,57,60
55,7,71,60,64
55,7,70,61,62
55,7,70,63,63
55,7,71,62,63
55,7,71,63,62
56,7,72,62,57
56,7,72,61,60
56,7,72,59,60
56,7,70,59,59
56,8,70,62,62
56,8,69,58,59
56,8,64,58,59
56,8,56,60,61
56,7,57,61,59
55,7,67,58,61
54,7,70,62,60
55,7,70,59,62
54,7,70,61,63
53,8,70,59,61
51,7,71,58,58
54,7,71,60,58
55,7,71,59,57
55,7,70,60,58
54,7,69,63,63
54,7,69,58,59
55,7,70,61,57
55,7,70,57,58
55,7,70,59,57
55,7,69,59,60
56,7,72,52,52
56,8,71,61,57
56,8,71,61,63
56,8,71,61,61
56,7,70,61,59
56,7,70,60,60
56,7,70,61,61
53,7,71,62,59
33,7,71,59,59
12,7,72,12,77
6,6,72,2,78
6,7,73,-76,96
12,6,27,-105,110
48,12,15,-96,99
51,15,16,96,-87
20,7,14,99,-105
6,6,71,101,-99
6,6,70,-96,93
11,7,26,-98,103
48,10,19,-99,104
51,11,22,79,7
21,7,48,97,-83
10,6,52,8,78
7,6,66,0,65
6,7,70,-91,104
47,7,71,-100,102
55,9,66,-103,98
56,10,68,61,56
56,7,72,53,65
56,7,71,54,63
51,7,72,61,64
36,8,71,59,61
13,22,72,61,59
15,26,72,-97,96
52,8,72,-97,98
54,7,71,59,61
53,8,70,51,53
48,12,69,58,63
36,31,69,59,62
44,25,69,-94,91
55,7,69,-100,102
55,7,69,81,56
55,7,69,50,61
55,7,69,58,61
55,7,69,60,62
55,8,69,59,59
54,13,69,62,58
53,26,69,62,60
48,44,68,60,58
39,57,68,61,59
26,61,69,61,56
47,51,69,-78,99
55,7,69,-103,105
55,7,70,69,58
55,7,70,51,58
54,7,69,57,60
54,7,69,61,60
54,7,69,58,62
55,7,70,61,59
56,8,70,62,61
56,8,70,61,63
56,8,71,60,59
57,11,71,61,61
56,13,70,59,60
55,17,69,62,59
54,22,69,60,58
54,29,69,61,63
54,36,70,59,58
52,43,69,61,61
30,50,70,62,59
15,19,70,-81,98
32,7,72,-102,93
29,7,71,-7,77
21,14,69,7,82
28,29,27,-85,99
54,54,7,-107,98
54,55,7,91,-88
36,31,11,102,-102
7,7,72,88,-85
6,6,72,105,-102
6,6,70,-84,92
6,6,72,-73,80
6,7,65,-103,95
38,23,7,-107,105
55,53,7,-103,103
55,54,6,84,-87
48,29,7,103,-110
10,9,44,104,-102
6,7,72,97,-97
6,6,71,-87,93
6,6,57,-93,97
35,14,9,-109,105
55,48,7,-103,99
56,53,8,96,-92
49,28,8,107,-109
12,9,28,101,-99
6,6,68,91,-88
6,6,70,-81,99
6,6,66,-70,71
19,8,10,-106,104
54,37,9,-98,100
55,44,8,90,-84
40,16,9,105,-108
6,6,57,103,-100
6,6,62,18,79
6,6,56,-98,72
10,7,21,-105,98
54,17,20,-101,100
55,21,18,92,-87
25,7,20,103,-108
6,8,36,103,-96
6,7,72,95,-93
6,6,70,-86,97
6,6,70,-75,79
6,7,29,-100,99
40,7,33,-94,99
56,40,18,-105,102
56,45,15,84,-85
48,7,27,108,-108
10,7,51,76,0
6,7,62,18,82
6,6,69,-93,97
44,7,61,-99,108
53,7,61,-16,81
53,7,69,66,53
47,6,69,57,64
26,7,69,56,61
18,8,69,15,76
27,8,67,0,82
36,8,68,6,81
39,9,68,13,80
46,9,69,0,79
37,18,69,56,61
46,13,69,-82,98
54,6,68,-104,102
55,7,69,63,63
54,7,69,51,58
55,7,70,61,64
55,7,70,59,58
55,7,70,57,61
55,7,70,62,60
55,9,71,60,60
53,17,70,61,57
49,35,70,63,61
40,53,70,60,62
23,61,70,61,60
38,56,70,-78,99
57,7,72,-99,98
55,7,70,-103,98
55,24,70,73,56
55,27,70,52,66
55,22,70,56,57
55,17,70,57,62
55,13,71,61,60
54,9,70,62,59
55,8,70,62,60
56,7,70,59,59
56,7,71,61,61
56,7,70,60,58
56,7,71,62,61
56,7,70,60,57
54,7,69,65,65
54,7,69,63,61
52,7,69,59,59
34,7,69,65,62
13,7,68,8,72
5,7,68,0,81
6,7,69,-80,101
6,9,21,-98,99
17,12,8,-102,99
51,30,8,-102,99
54,37,8,87,-95
34,19,8,101,-106
7,9,9,96,-93
6,8,59,99,-103
5,7,63,-99,98
6,6,13,-90,99
24,10,10,-104,106
54,35,9,-97,99
54,38,9,96,-91
35,13,9,103,-105
6,7,10,105,-100
6,6,48,97,-100
6,6,56,-90,89
6,6,18,-87,87
13,7,12,-107,103
51,19,13,-100,98
54,27,11,92,-99
32,10,11,100,-104
6,6,11,99,-101
6,6,58,96,-101
6,7,62,-94,93
6,6,20,-93,94
13,7,14,-110,107
50,15,14,-101,99
53,19,14,88,-96
24,7,14,96,-103
6,6,13,102,-102
6,7,54,95,-99
6,6,59,-94,94
6,6,18,-94,97
17,6,19,-112,110
53,18,16,-102,99
54,23,15,90,-92
34,7,17,101,-106
6,7,16,106,-102
6,6,48,94,-92
6,7,71,102,-106
6,7,69,-87,94
6,6,70,-84,96
6,6,37,-103,101
6,6,29,-109,107
44,7,27,-98,96
55,39,16,-102,103
56,47,14,88,-85
51,10,21,105,-109
13,6,25,95,-98
6,6,24,100,-102
6,6,66,95,-91
5,6,67,-98,114
6,6,38,-89,92
6,7,31,-108,113
44,7,29,-99,99
55,44,16,-104,103
55,45,15,94,-86
51,9,24,105,-105
12,6,30,99,-97
6,6,30,98,-102
6,7,61,93,-93
5,6,66,-87,98
6,6,45,-86,84
6,6,34,-107,108
45,7,32,-98,98
55,41,19,-105,102
55,48,14,94,-85
53,13,21,105,-99
16,6,27,99,-94
5,6,31,99,-100
5,6,69,95,-90
6,6,69,-87,91
6,7,60,-79,77
6,6,32,-106,110
39,6,33,-95,99
55,34,20,-100,99
55,43,14,86,-84
49,9,21,103,-97
10,6,24,102,-99
5,7,53,97,-98
6,7,71,91,-89
6,7,69,-93,97
6,6,70,-82,79
6,6,31,-110,109
30,6,32,-102,101
55,29,20,-99,100
56,36,18,88,-86
49,8,24,103,-107
7,6,29,105,-101
6,7,56,95,-98
5,6,58,-89,94
7,6,31,-101,110
44,6,30,-98,98
55,41,18,-103,99
55,46,14,90,-85
51,11,23,105,-102
12,6,28,101,-99
5,6,47,99,-102
6,6,55,-95,107
8,6,33,-101,109
46,7,31,-99,98
55,45,16,-104,100
55,50,14,89,-88
53,14,22,104,-103
18,6,31,99,-98
6,6,49,99,-102
6,7,70,104,-102
5,7,69,-88,92
6,6,68,-84,85
6,6,36,-96,99
44,6,32,-98,96
55,42,17,-101,99
56,48,14,94,-89
53,14,23,106,-106
16,6,31,100,-99
5,6,46,99,-102
6,6,56,-119,92
14,6,30,-100,102
53,14,24,-100,99
55,21,19,97,-89
29,6,23,97,-99
5,6,59,102,-99
6,7,70,103,-97
5,7,69,-102,98
6,6,66,-94,94
12,6,28,-100,98
50,12,22,-99,99
54,15,23,78,17
34,6,48,95,-82
7,6,62,62,66
6,6,69,-98,82
33,6,68,-101,105
47,7,68,5,82
47,7,69,67,62
31,7,70,53,65
22,7,70,17,78
24,7,71,2,81
26,8,71,0,78
28,10,70,33,80
28,13,70,7,77
50,8,70,-80,100
56,7,71,-99,101
56,7,71,51,59
56,7,71,54,63
56,7,70,57,58
56,7,70,60,63
55,7,70,61,61
54,10,70,64,61
52,20,71,56,59
45,45,70,57,57
32,60,70,59,58
43,54,70,-89,97
55,7,70,-98,100
56,7,70,-104,102
55,18,70,61,56
55,22,70,55,64
55,19,70,62,61
54,15,69,60,61
54,12,69,59,58
54,9,70,57,61
54,8,69,62,62
54,7,69,61,61
54,7,69,57,61
55,7,69,60,62
56,7,71,54,54
55,7,71,60,63
55,7,70,59,58
55,7,70,62,64
55,7,70,56,61
55,7,69,60,61
54,7,69,59,62
55,7,69,58,58
55,7,69,59,61
55,8,70,61,61
55,8,70,58,60
50,9,70,58,61
23,11,69,59,61
6,13,69,58,59
6,8,70,-95,91
6,7,70,-99,99
10,27,60,-96,93
42,46,8,-100,97
55,61,7,-107,104
55,62,7,89,-89
50,56,8,107,-101
17,37,50,88,-86
6,6,72,98,-104
6,6,70,-87,95
6,15,72,-91,97
29,38,12,-101,103
56,59,9,-109,107
55,60,7,95,-97
43,48,8,106,-104
9,25,59,90,-89
7,21,62,-93,97
21,30,13,-84,96
54,55,7,-112,108
55,58,7,102,-102
38,43,8,106,-102
7,20,61,96,-99
6,16,66,-94,97
16,26,16,-90,96
54,53,8,-109,107
54,54,7,81,-93
28,35,9,104,-103
6,13,69,99,-104
6,10,71,-94,96
8,17,31,-90,94
44,41,8,-107,103
55,60,7,-99,99
55,61,7,92,-104
52,48,8,102,-108
15,21,12,94,-92
6,8,70,98,-97
5,7,70,114,-109
5,7,69,-97,98
6,7,70,-99,99
6,9,55,-91,96
21,22,8,-99,99
54,52,7,-109,106
54,52,7,96,-93
28,24,8,99,-104
6,8,29,96,-94
6,7,72,94,-100
6,7,71,-84,91
6,7,70,-95,99
8,8,8,-100,98
49,36,7,-109,106
52,41,7,94,-93
21,17,8,104,-103
6,7,34,99,-99
6,7,71,97,-100
5,7,71,-108,93
6,7,68,-102,101
6,7,8,-99,100
45,31,7,-103,104
55,58,7,-99,100
55,59,7,109,-94
48,29,8,103,-106
10,8,9,99,-102
5,7,51,98,-100
5,7,70,108,-109
5,7,70,-95,107
6,7,70,-96,103
6,6,10,-90,95
18,8,9,-99,99
54,41,8,-108,105
54,46,8,89,-90
35,14,9,103,-106
6,7,10,94,-90
6,7,59,97,-99
6,7,70,118,-113
6,7,70,-94,100
6,6,71,-97,100
6,6,19,-90,95
10,7,11,-99,98
53,29,10,-114,108
53,31,10,93,-94
18,7,11,99,-105
6,7,12,90,-85
6,7,60,96,-98
6,6,70,-91,89
6,6,23,-97,99
6,6,14,-105,101
46,15,12,-114,109
49,17,11,86,-90
7,7,13,95,-98
6,7,16,98,-97
6,6,72,100,-99
7,7,71,-84,92
6,6,47,-99,103
6,7,18,-99,100
24,7,18,-102,105
55,31,13,-97,98
55,36,12,95,-96
41,8,17,102,-108
6,7,19,97,-99
6,6,22,102,-100
9,6,72,104,-103
10,7,71,-93,94
13,6,70,41,83
22,6,68,0,82
33,8,71,3,72
44,27,72,7,84
55,59,72,13,79
56,63,72,0,81
56,62,72,43,76
55,62,69,3,84
54,61,69,0,77
54,61,69,23,83
54,62,68,0,79
54,61,68,22,85
54,61,68,3,79
54,61,66,22,79
54,61,68,3,78
54,61,67,25,82
53,61,67,12,81
53,61,68,0,82
48,61,67,2,80
37,61,62,15,78
8,61,50,-86,103
30,62,47,-106,100
56,10,59,-97,100
56,8,55,-102,99
56,23,53,73,58
57,28,62,55,63
56,27,71,61,63
56,25,72,59,63
55,24,71,60,62
54,24,71,60,63
56,23,71,61,62
56,20,72,60,60
