56,6,70,0,2
57,7,70,84,79
57,6,71,79,85
56,7,69,76,82
56,6,70,81,81
57,6,70,76,80
56,7,72,80,78
57,7,72,81,81
57,7,71,80,82
58,7,72,81,80
58,7,72,78,79
58,8,72,82,81
58,9,73,75,77
57,10,73,81,78
58,13,73,78,80
57,16,72,82,80
57,19,72,81,80
57,22,72,79,79
57,24,71,80,79
58,25,71,83,81
56,23,70,79,77
56,21,69,81,82
56,17,69,80,84
56,15,71,83,81
56,11,70,82,80
57,8,70,80,81
56,7,71,80,82
55,7,70,79,80
56,7,70,78,81
56,6,71,82,79
55,7,70,80,82
53,11,71,77,76
34,34,72,78,80
40,28,72,-88,94
57,7,72,-88,93
56,6,70,72,90
56,6,71,69,80
54,7,71,75,81
27,14,72,79,82
25,12,72,-94,91
57,7,72,-100,105
57,6,72,73,82
57,7,72,70,81
52,7,72,78,79
23,16,72,79,81
28,15,72,-83,86
57,7,72,-96,106
57,6,72,77,79
56,6,71,73,88
53,7,69,79,82
33,18,70,79,80
40,12,69,-85,90
57,7,70,-98,109
56,4,70,74,78
56,5,69,70,79
55,7,70,81,83
51,8,69,80,82
18,26,70,82,80
21,18,69,-90,92
56,6,70,-100,104
56,6,70,88,83
56,7,71,69,82
54,7,70,77,80
25,14,72,79,80
38,10,71,-78,94
56,7,71,-104,99
57,8,72,75,81
56,8,71,70,82
40,7,72,79,80
8,10,72,78,81
6,16,72,6,70
7,11,71,-82,101
37,6,70,-94,104
48,6,71,-4,78
40,6,70,84,81
10,7,70,76,83
6,10,69,16,74
6,11,70,2,81
7,9,69,-85,102
50,6,69,-98,102
56,6,70,-98,101
56,8,70,83,81
56,6,70,69,79
56,6,71,80,82
49,7,71,78,78
17,22,70,82,81
23,20,70,-83,91
57,7,70,-105,99
57,6,70,85,80
56,6,70,74,86
55,8,70,80,82
47,22,70,78,78
22,51,70,80,81
44,35,72,-85,91
57,7,72,-97,95
56,7,71,79,83
57,7,72,66,82
57,7,73,80,80
57,8,73,78,79
57,9,72,78,78
56,16,73,71,75
54,35,73,80,77
49,52,73,80,78
37,61,73,79,77
50,54,73,-83,89
58,8,72,-99,99
58,7,73,-98,98
57,21,72,91,90
57,28,72,69,82
57,29,69,83,87
57,29,21,80,80
57,10,9,90,-90
56,6,33,99,-99
56,9,43,92,-14
56,6,19,79,85
56,6,8,81,5
54,6,26,99,-99
56,6,37,77,9
53,6,38,78,2
52,5,40,86,30
56,7,15,82,74
53,14,8,78,0
55,6,43,102,-95
56,6,65,78,-5
56,6,61,82,85
56,10,42,82,75
56,40,16,80,77
57,29,32,91,-77
56,6,67,100,-106
56,6,69,75,80
56,6,69,87,79
56,7,69,80,78
56,11,69,79,76
55,30,60,79,79
56,52,40,81,81
55,59,20,80,79
56,53,43,91,-73
56,6,70,96,-97
56,13,70,104,-102
56,42,70,74,79
55,41,70,83,78
56,36,70,83,78
56,31,65,83,80
57,24,10,78,79
54,33,8,90,-81
6,39,31,97,-96
7,55,70,105,-100
6,55,70,-90,107
6,39,45,-103,107
42,29,8,-103,106
57,7,8,-99,99
56,6,7,84,18
57,7,8,93,-76
31,7,8,104,-104
6,12,18,101,-96
6,40,70,99,-100
6,38,69,-92,93
6,10,27,-99,105
14,6,8,-108,105
57,8,7,-100,99
56,7,7,111,-105
26,6,8,99,-105
6,10,19,107,-102
6,35,70,98,-99
6,38,69,-92,106
6,10,32,-100,107
11,6,8,-106,103
18,6,7,96,-95
6,9,12,101,-107
6,32,68,100,-99
6,31,68,-91,89
6,7,17,-98,106
18,6,7,-104,99
57,7,7,-101,98
56,6,8,91,-107
44,6,8,95,-99
6,7,9,100,-103
7,25,62,98,-102
6,23,62,-91,96
6,6,12,-103,108
24,6,7,-101,101
57,7,7,-101,99
57,6,8,90,-95
47,6,7,95,-100
6,7,10,100,-101
7,43,70,95,-84
7,27,68,-73,75
7,6,12,-99,99
14,6,7,-100,99
57,7,7,-99,92
56,7,8,95,-85
19,6,8,105,-109
6,7,12,108,-104
7,27,64,101,-99
7,31,68,-89,93
6,8,24,-102,110
11,6,7,-99,97
57,7,8,-105,99
57,7,7,95,-94
15,7,7,108,-103
6,13,20,101,-99
6,39,67,100,-104
6,40,69,-91,95
6,15,32,-99,106
50,8,7,-104,100
58,6,8,-102,97
56,6,8,97,-83
55,12,7,105,-108
6,11,7,99,-99
6,25,49,101,-99
6,55,72,97,-100
6,54,69,-95,104
6,25,59,-98,106
6,9,10,-106,103
41,7,7,-103,104
58,6,8,-102,99
56,7,8,91,-87
50,9,7,101,-107
6,10,8,98,-100
7,25,50,104,-99
6,55,72,98,-96
6,55,70,-92,97
6,26,63,-98,107
6,10,10,-103,99
49,8,7,-107,103
57,7,8,-102,99
56,6,8,96,-86
54,10,7,102,-109
6,10,7,104,-99
6,20,35,101,-97
6,51,71,98,-102
6,52,70,-98,98
6,26,61,-94,103
6,10,14,-103,101
33,8,8,-104,102
58,7,7,-101,102
57,7,8,112,-94
51,10,8,100,-108
6,10,8,98,-101
7,22,42,102,-99
6,52,72,97,-101
6,53,70,-96,99
6,27,65,-94,100
6,10,13,-104,100
21,7,7,-102,99
58,8,7,-101,99
57,7,7,113,-95
42,7,7,99,-103
6,8,8,101,-107
6,24,58,102,-97
6,29,64,-96,91
6,11,15,-103,106
12,7,8,-102,101
57,9,8,-98,97
56,8,7,99,-106
14,6,8,104,-109
6,10,13,94,-103
6,32,66,100,-101
6,34,67,-95,93
7,10,24,-98,106
6,6,8,-96,102
7,6,8,105,-96
6,9,18,99,-107
6,37,69,98,-103
7,37,69,-81,89
7,8,22,-104,107
7,6,7,-97,100
53,6,8,-103,99
55,6,7,97,-94
11,6,8,104,-107
6,8,9,98,-102
6,27,65,99,-102
6,31,66,-92,90
7,7,16,-104,110
6,6,8,-97,101
51,6,7,-103,100
54,6,8,94,-94
9,6,8,101,-108
6,7,9,99,-102
7,29,66,99,-101
7,22,64,-89,84
7,6,16,-99,94
7,6,8,-104,104
51,6,8,-101,97
56,6,8,77,4
47,6,10,84,-79
21,6,11,78,3
34,6,25,84,13
54,11,40,77,2
57,42,60,84,24
57,60,70,73,7
58,61,72,92,0
57,61,73,82,17
57,61,72,89,3
57,60,71,79,12
57,61,73,87,16
57,60,71,91,2
57,61,72,83,8
58,62,72,76,6
56,60,70,80,2
55,60,71,86,14
55,59,68,81,0
56,59,64,78,26
57,60,56,80,7
57,60,39,84,10
57,60,27,77,7
56,60,8,107,-105
56,20,65,96,-103
56,6,71,102,-104
56,9,70,82,82
57,9,70,83,76
57,8,70,81,80
58,7,72,82,80
56,7,70,82,82
56,7,70,79,79
56,6,70,80,80
56,6,70,78,78
57,7,72,79,81
57,7,72,84,83
58,7,72,81,80
57,7,72,81,83
57,8,72,77,78
57,12,72,78,79
57,17,71,81,80
57,24,70,80,80
58,35,70,81,80
58,44,69,82,80
57,52,70,82,82
58,61,72,74,75
58,61,72,81,81
57,61,71,79,79
57,61,71,79,77
57,61,72,84,82
