57,8,71,0,0
56,9,69,84,80
58,8,70,87,88
58,7,69,79,81
57,8,70,79,80
57,8,69,79,78
57,8,69,80,79
57,7,69,80,81
56,7,69,80,80
56,8,69,79,73
57,8,70,86,84
56,8,70,79,80
56,8,70,80,80
57,8,70,81,82
57,7,71,78,80
57,9,71,79,80
57,10,72,79,78
57,15,72,80,82
57,20,72,80,79
55,34,72,77,74
52,52,72,74,73
26,60,72,82,81
34,60,72,-87,85
57,10,72,-97,101
56,50,70,-89,96
56,58,41,-95,98
56,58,13,-99,98
57,59,23,96,-90
56,58,19,105,-88
56,58,67,105,-100
57,4,67,98,-102
57,10,69,83,58
55,21,71,78,71
37,47,71,84,81
10,57,70,77,79
19,57,70,-89,92
57,9,69,-103,103
57,16,70,-105,102
58,39,70,89,77
57,33,71,78,93
57,15,71,78,82
57,4,71,77,79
56,2,70,84,85
56,3,70,80,82
54,8,68,81,80
34,13,69,80,78
39,10,69,-93,92
56,6,69,-106,106
56,7,68,84,76
57,8,69,67,86
55,7,70,78,79
29,8,71,79,84
20,9,70,18,74
18,9,70,6,84
19,8,70,6,83
21,8,70,14,79
14,8,71,19,79
21,8,70,3,81
13,9,71,3,78
15,9,71,28,78
17,9,70,0,80
15,9,72,3,77
8,9,71,23,85
21,7,71,-81,98
37,7,71,-4,84
43,7,71,0,81
42,7,70,92,81
11,8,70,80,88
10,11,69,0,76
15,9,69,-89,105
53,7,69,-99,102
55,8,70,87,84
51,7,69,69,81
26,8,69,75,79
13,9,70,19,72
13,9,69,0,82
19,8,69,0,78
17,9,69,20,80
21,9,69,12,79
27,8,70,0,80
29,8,70,29,80
34,8,71,5,84
37,8,71,13,80
40,8,70,7,80
45,8,72,6,78
24,13,70,79,90
33,13,70,-85,93
57,8,70,-96,101
57,7,71,85,75
57,7,71,69,84
54,8,70,77,80
28,12,71,79,81
8,36,72,80,81
6,31,71,-86,94
52,8,71,-98,100
58,3,70,-97,102
57,22,71,73,78
56,3,71,69,90
50,8,70,79,79
15,5,69,77,82
8,5,70,10,71
8,4,70,-94,102
17,8,71,-99,99
13,5,70,5,83
15,3,70,6,77
10,7,69,9,85
8,6,69,13,78
12,7,69,-71,101
48,5,70,-104,103
52,7,69,82,81
38,7,70,70,80
9,8,71,79,82
8,6,72,12,74
8,8,71,-95,102
46,8,71,-101,103
56,7,72,-5,79
56,7,72,88,78
43,8,72,76,84
16,16,72,80,80
18,18,73,-96,93
56,8,73,-101,97
58,8,72,76,80
58,8,73,69,86
56,8,74,77,81
38,19,71,84,83
15,51,71,82,81
25,42,71,-86,92
58,8,70,-96,102
58,8,71,-106,103
58,23,71,76,78
58,19,70,76,85
57,9,71,84,79
58,7,72,77,76
57,7,71,81,83
39,8,71,81,81
9,8,71,73,82
8,8,68,15,73
9,6,42,-85,89
8,7,10,-114,132
8,8,11,-90,84
8,8,10,-138,126
8,8,15,-50,77
9,8,27,-70,97
59,55,11,-89,84
63,61,73,38,-89
58,35,73,87,-95
58,13,74,92,-87
58,7,26,94,-111
53,14,17,77,14
8,19,10,104,-111
21,8,34,104,-101
60,8,65,99,-57
59,8,62,64,49
22,21,12,80,90
8,62,16,72,85
9,63,81,77,81
33,57,81,-95,96
59,8,77,-93,89
58,8,75,64,69
58,8,74,84,77
58,8,73,71,71
57,14,73,93,87
55,24,73,90,79
52,38,73,79,79
40,54,73,83,80
29,58,71,79,79
40,54,71,-91,78
58,8,72,-94,101
57,16,71,-108,109
57,52,67,79,77
57,56,60,78,84
56,57,54,80,81
55,56,47,80,80
54,57,38,79,78
57,51,65,92,-76
57,8,72,94,-90
57,7,72,79,82
57,7,71,79,78
57,8,72,85,77
57,8,71,77,75
57,8,72,85,82
57,7,71,79,80
57,8,71,82,78
58,10,64,79,81
58,33,34,80,79
58,20,55,98,-79
58,8,73,101,-104
57,8,72,79,80
57,8,71,85,79
57,7,72,83,80
57,7,70,78,78
58,16,68,77,76
58,33,27,79,80
58,18,49,90,-80
59,1,73,97,-92
58,2,71,79,78
57,8,72,85,78
57,7,70,79,76
58,10,66,86,81
57,31,33,80,79
58,14,60,97,-81
59,3,73,94,-93
57,4,71,87,85
56,4,71,82,77
57,7,71,82,77
57,7,71,79,80
56,8,70,78,77
56,17,64,83,83
57,49,28,82,82
57,41,20,86,-80
56,5,62,107,-107
57,2,66,78,81
57,8,45,86,75
57,22,16,85,77
58,15,21,94,-78
58,8,68,94,-104
57,8,72,82,71
57,3,71,79,80
57,9,57,85,77
58,37,7,80,83
57,35,15,93,-78
57,7,71,99,-105
57,7,72,81,74
57,6,71,82,72
57,15,70,81,80
57,47,50,78,79
56,59,13,80,79
57,59,10,91,-94
57,37,13,97,-89
58,4,56,104,-94
57,8,69,79,63
57,4,69,77,76
57,4,62,89,82
57,12,22,81,81
56,20,21,66,7
56,6,31,104,-76
56,3,61,98,-83
56,3,69,83,73
56,3,70,75,76
56,7,59,93,79
57,9,22,77,79
57,21,11,75,5
58,6,33,102,-78
58,3,66,101,-85
58,3,70,75,70
57,4,72,79,73
57,4,67,87,82
58,21,8,77,77
57,8,32,99,-85
57,3,45,79,-5
57,7,37,83,81
57,6,28,77,8
57,5,22,82,0
57,7,22,80,0
57,7,20,81,14
57,7,24,78,2
57,7,21,85,11
58,7,20,77,17
58,7,20,83,2
58,7,20,76,27
57,8,21,83,3
56,8,23,79,11
51,8,21,84,16
50,8,25,77,7
56,9,22,84,3
56,9,27,78,0
56,9,34,84,8
57,8,41,75,0
56,7,48,84,0
57,10,34,80,76
57,34,13,78,77
58,32,12,91,-79
58,8,54,102,-93
57,7,66,77,66
57,7,67,79,73
57,14,40,85,82
57,43,13,80,80
57,40,13,84,-82
56,8,61,105,-89
57,8,69,79,69
57,7,69,83,65
56,10,64,84,83
56,28,39,79,79
55,53,15,77,81
56,50,19,87,-91
55,7,70,118,-108
57,8,68,99,-89
57,16,69,80,70
56,19,70,83,65
56,12,70,83,81
56,8,69,78,78
56,7,69,80,83
56,7,70,75,76
57,8,71,74,74
56,8,70,82,86
56,11,38,80,77
57,20,10,76,79
54,8,10,94,-81
18,7,10,96,-93
10,26,14,103,-103
7,40,57,101,-98
8,44,63,-97,94
7,26,24,-101,108
12,8,10,-103,104
36,7,10,-97,94
