58,8,71,0,0
57,8,69,76,71
57,8,69,73,66
57,8,71,83,86
58,8,71,79,80
57,8,71,79,81
57,8,70,82,79
57,7,71,79,81
57,7,70,78,80
56,7,69,77,79
56,8,69,85,81
56,8,70,82,83
56,7,70,75,76
58,7,71,82,82
57,8,72,74,78
58,7,72,82,81
58,3,72,79,79
58,2,72,81,81
58,2,72,80,78
58,5,72,78,81
57,15,71,83,81
56,26,71,82,79
42,48,72,78,78
14,58,71,79,80
14,59,72,-93,82
58,11,72,-103,113
57,13,69,-104,101
57,34,70,79,79
56,25,71,77,88
57,9,71,81,84
58,2,72,82,85
57,3,71,78,80
57,8,71,84,80
52,11,71,76,84
20,26,69,83,78
29,16,67,-83,88
55,3,70,-109,106
55,7,70,83,81
56,7,69,66,85
55,7,67,78,81
42,7,70,78,81
12,19,70,81,81
3,18,70,-83,93
50,8,70,-103,99
57,9,69,-97,101
57,20,70,86,78
57,4,71,75,87
55,7,71,79,82
32,7,71,80,82
9,11,71,77,77
10,15,72,-87,91
21,7,73,-102,99
43,7,72,-4,79
39,7,72,90,80
16,8,71,77,86
9,9,71,4,72
12,8,71,-80,103
54,7,70,-96,102
56,7,70,85,84
51,7,71,73,86
21,8,71,78,82
13,10,70,13,70
7,10,70,2,81
3,13,70,15,84
14,9,70,-75,107
53,7,70,-105,101
57,5,70,82,84
54,8,70,66,80
37,8,70,80,80
9,20,70,78,81
11,20,71,-91,93
51,7,72,-99,101
57,7,71,86,78
52,7,69,70,83
24,15,65,80,83
28,12,69,-88,91
58,7,70,-104,103
58,7,68,79,82
57,8,71,67,82
50,8,71,79,81
11,12,71,84,78
8,41,72,81,82
7,42,72,-94,91
6,8,72,-102,102
48,8,71,-99,100
52,6,71,81,83
26,4,70,66,87
12,7,70,14,71
8,4,70,2,79
8,7,70,-92,102
17,9,70,-103,98
24,2,69,5,80
16,7,70,0,81
16,7,69,17,78
11,7,69,16,78
8,7,70,2,80
8,6,70,8,79
9,7,70,-92,101
46,7,70,-97,99
53,7,69,83,79
39,8,71,69,85
11,7,72,78,80
8,10,71,5,73
14,10,70,-83,105
57,7,71,-98,101
58,7,72,81,81
58,7,72,69,82
51,8,72,80,81
26,18,71,76,81
39,13,73,-74,94
60,8,73,-100,93
58,8,72,76,82
58,8,72,68,84
58,6,73,73,79
56,9,71,78,79
50,19,70,78,83
31,42,70,82,83
44,30,70,-86,92
58,8,71,-106,99
58,8,71,79,83
57,8,70,66,82
57,7,72,73,73
56,8,71,78,79
26,7,71,81,80
9,9,71,5,77
8,8,69,-87,90
9,9,35,-104,113
9,19,11,-92,89
13,21,11,-136,129
41,30,10,-95,94
57,52,10,-97,98
56,28,12,113,-72
8,8,11,119,-107
11,8,16,89,-86
21,7,13,87,-79
38,6,13,87,-71
61,8,20,92,-130
62,8,44,85,-19
61,8,58,69,58
59,7,73,68,80
56,17,72,86,77
32,50,71,92,78
37,46,72,-94,80
58,8,71,-99,99
58,7,71,82,83
58,7,72,70,78
58,6,72,80,82
58,9,72,79,79
59,8,72,82,83
58,8,72,80,82
57,9,72,80,82
57,12,70,81,80
56,17,70,80,77
55,30,71,80,82
52,40,71,79,78
47,52,71,81,81
39,57,71,81,78
29,59,72,80,83
43,57,73,-92,88
59,10,73,-97,96
58,8,72,-97,103
57,29,68,81,85
57,43,36,76,87
57,54,10,81,80
57,43,10,89,-77
59,8,60,97,-92
59,9,68,83,81
58,9,64,80,76
58,29,36,83,75
59,13,62,98,-75
58,8,72,102,-98
58,8,72,79,89
58,8,71,86,73
58,7,70,81,79
58,7,71,78,78
59,9,71,80,78
59,19,58,82,85
58,40,22,80,81
59,34,19,92,-82
59,2,72,99,-97
57,7,70,94,87
57,7,70,81,79
58,9,67,85,76
58,25,44,80,80
58,51,15,83,80
59,49,9,85,-78
58,8,70,107,-107
57,8,70,81,79
57,8,70,86,78
57,9,69,81,79
56,22,59,82,81
57,48,31,80,82
58,17,63,94,-81
57,8,70,98,-99
57,8,70,84,88
57,5,69,84,74
57,5,58,82,81
58,19,18,78,78
58,15,20,93,-74
59,8,71,96,-104
58,9,71,80,76
58,3,70,84,76
58,8,55,81,81
58,34,11,82,79
57,32,23,95,-73
58,7,72,101,-107
58,7,71,82,82
58,5,71,82,76
57,11,69,83,79
57,47,46,78,83
57,59,10,79,79
57,58,10,96,-73
58,6,48,101,-97
58,34,72,98,-100
49,57,71,101,-101
4,58,70,97,-102
5,58,69,-96,95
37,58,71,-102,107
58,38,71,-105,98
58,7,71,-97,101
58,32,20,71,74
58,15,21,90,-75
56,7,70,109,-105
56,8,71,75,84
57,5,70,87,79
57,5,68,81,78
57,4,47,81,84
56,36,19,77,78
58,17,15,94,-75
57,3,66,99,-103
57,4,70,83,86
58,11,68,84,76
58,2,47,78,78
58,29,8,76,77
58,22,9,95,-75
58,4,69,100,-105
58,3,72,79,74
58,2,70,84,75
58,9,45,81,77
58,27,10,79,78
58,26,12,90,-79
58,8,41,103,-99
58,2,59,79,-19
58,3,52,79,88
58,8,11,84,76
58,11,11,67,8
58,9,11,99,-73
58,7,55,102,-96
58,6,69,102,-95
58,14,71,83,70
57,8,72,86,75
55,8,69,83,78
53,7,35,78,78
49,13,11,79,79
54,18,11,94,-79
58,7,47,103,-92
58,7,61,82,-5
58,7,64,79,83
57,8,48,85,72
58,18,18,81,80
58,21,14,97,-81
58,8,51,103,-86
59,7,63,80,76
58,8,62,76,73
58,16,33,84,79
58,17,31,94,-93
58,8,65,96,-88
58,8,71,81,75
58,7,71,78,73
58,9,65,81,78
58,25,36,84,80
58,54,12,81,81
58,49,14,92,-78
58,13,57,106,-93
57,7,68,100,-104
58,7,69,81,67
57,7,71,78,74
58,8,71,86,78
58,6,72,85,81
58,9,72,76,78
58,9,72,74,68
58,21,68,83,84
57,42,53,88,91
57,59,26,79,83
58,57,22,88,-90
58,18,27,102,-85
58,8,30,97,-87
51,10,31,80,-8
19,25,20,78,3
10,22,14,85,0
