59,8,71,0,0
58,8,71,82,77
57,7,71,87,84
57,8,69,79,81
57,8,70,79,83
57,8,70,80,80
57,8,70,78,81
57,7,70,83,78
58,8,71,78,79
57,7,70,75,81
57,7,70,81,81
56,7,69,78,78
56,7,69,82,83
56,7,69,76,78
57,8,70,81,79
57,8,70,81,81
57,5,71,81,79
57,6,71,82,82
57,13,71,77,81
57,20,72,84,80
57,33,71,81,80
52,54,70,77,80
26,59,70,76,79
24,58,71,-93,86
57,11,71,-101,107
58,19,70,-97,95
58,43,71,80,79
58,27,71,78,84
58,15,71,78,82
57,2,72,81,81
57,4,72,79,83
59,9,72,78,74
56,10,72,76,79
43,20,72,79,80
9,47,72,80,79
18,37,70,-89,90
57,8,70,-100,104
57,3,69,75,79
55,5,69,66,80
52,8,68,75,81
20,15,66,81,85
25,12,69,-86,89
58,8,70,-102,105
57,8,69,76,82
56,9,69,68,81
49,7,69,80,80
15,9,70,77,79
13,11,70,15,72
16,8,70,-79,102
56,7,71,-99,98
57,8,70,82,84
54,6,70,69,83
36,7,71,82,84
4,10,71,77,79
9,11,72,-79,92
51,7,71,-100,96
58,9,71,-99,101
56,16,71,74,81
57,5,71,70,83
56,7,72,77,81
42,7,72,78,80
8,9,72,80,81
9,14,71,12,68
13,10,70,-78,106
51,7,70,-103,105
56,5,70,80,84
50,7,70,65,78
18,8,69,79,80
13,10,69,4,72
18,9,70,7,80
17,10,69,20,85
20,10,69,2,81
25,10,70,6,82
25,11,70,17,79
40,9,70,-85,102
58,7,69,-101,100
58,8,69,70,85
57,7,70,66,78
57,8,70,78,82
51,7,70,81,81
18,15,70,81,81
18,12,70,-94,88
56,8,71,-101,106
57,7,72,67,82
55,8,71,72,81
26,7,71,76,79
10,8,72,4,72
13,6,72,0,76
10,6,72,16,80
9,7,72,13,79
2,8,72,-81,104
22,6,72,-95,101
24,6,72,-4,79
17,7,72,19,82
6,8,71,4,80
12,3,70,-75,97
48,8,69,-105,104
57,48,67,-103,100
57,59,25,-97,100
57,59,10,104,-90
57,54,68,101,-108
54,13,70,102,-102
20,6,70,100,-101
13,4,70,5,84
8,5,69,8,80
8,3,69,-98,99
24,7,70,-99,100
37,8,70,-12,82
36,7,70,21,75
35,7,70,0,77
36,7,69,22,82
36,7,70,12,79
39,8,69,2,80
42,7,70,3,79
26,7,70,72,85
16,9,70,6,72
20,10,70,3,80
26,10,71,0,80
25,12,72,15,81
47,9,72,-78,102
58,8,71,-102,100
59,8,71,78,85
58,8,71,69,81
58,9,72,79,83
58,8,72,76,77
57,9,71,80,81
50,19,70,77,76
27,45,71,80,82
46,26,71,-80,91
59,8,73,-102,105
59,8,72,77,80
58,8,72,67,80
58,8,72,80,82
58,7,72,74,72
57,8,72,75,77
28,7,71,76,77
9,9,72,8,80
8,8,69,-95,90
9,7,19,-91,126
9,9,10,-59,98
10,9,11,-67,86
61,10,44,-120,113
62,22,73,-110,80
61,42,74,-110,90
61,58,72,-109,130
60,61,50,-124,110
62,62,14,-120,97
57,59,9,87,-91
58,60,15,82,-84
58,51,71,112,-103
58,7,70,105,-105
58,8,71,79,96
58,10,72,89,81
57,16,72,78,79
52,33,73,83,78
39,49,71,81,79
25,58,70,82,82
45,45,70,-83,94
59,8,72,-104,102
60,8,74,80,75
58,8,72,69,73
59,8,72,81,87
58,8,72,74,78
58,8,72,79,82
59,7,73,79,81
58,8,73,78,77
59,9,74,78,81
59,11,73,77,79
59,13,73,81,77
59,16,73,79,79
58,19,72,75,77
58,11,72,83,82
59,7,72,81,83
59,7,72,81,75
58,7,70,79,78
58,12,61,85,82
58,34,32,84,81
57,22,45,99,-83
58,7,71,98,-107
57,7,70,79,80
57,7,71,80,74
58,7,71,80,78
58,7,69,81,81
58,15,50,84,81
58,39,13,79,80
58,16,38,97,-80
59,8,73,100,-98
58,8,71,80,80
58,7,71,76,77
58,8,71,83,78
58,9,68,81,82
58,22,46,81,78
57,50,16,79,82
57,29,42,95,-83
57,8,71,97,-94
57,6,70,81,92
58,7,70,85,77
57,8,70,82,79
57,6,71,79,78
57,33,32,83,80
58,58,8,78,81
58,54,11,95,-77
58,9,41,101,-103
58,6,72,102,-102
57,5,71,79,82
57,8,70,84,78
57,2,70,82,80
57,8,54,77,77
57,32,10,80,80
56,36,9,89,-86
57,7,70,101,-108
57,7,71,80,81
57,9,70,83,73
57,24,65,79,79
58,56,31,83,82
58,55,21,93,-76
58,5,60,98,-96
58,8,72,99,-102
57,36,71,78,95
57,12,72,84,79
57,3,69,84,80
58,4,50,79,80
58,22,18,82,81
57,7,26,94,-77
58,4,70,99,-99
58,4,71,80,80
57,3,69,84,76
57,2,49,81,77
57,10,17,78,80
58,25,11,73,8
58,6,19,98,-75
58,2,70,104,-105
58,6,71,80,95
57,3,71,86,78
57,2,66,80,78
57,17,20,82,81
57,17,10,90,-92
57,8,50,102,-90
57,3,68,97,-105
57,9,70,79,71
58,3,68,74,72
58,10,47,83,77
58,8,11,81,77
58,13,10,67,11
58,10,10,104,-72
58,7,31,98,-96
58,7,53,80,-8
58,7,51,80,85
58,7,29,87,75
58,10,13,73,8
57,10,11,77,0
52,10,11,79,2
50,14,11,82,10
58,10,16,99,-69
58,7,57,104,-96
58,7,66,78,67
58,8,65,74,74
58,12,21,80,78
58,45,10,81,77
58,45,11,93,-77
58,11,32,98,-90
58,8,68,101,-101
58,7,70,79,76
58,7,71,83,74
58,7,70,81,80
57,8,66,80,79
57,20,34,85,82
57,50,12,79,80
58,51,11,87,-79
58,9,59,100,-92
58,8,68,98,-97
58,8,70,79,71
58,8,72,80,77
58,7,72,91,79
58,8,71,79,77
58,8,72,82,82
58,7,72,73,68
59,21,69,81,96
58,41,48,81,78
58,57,23,64,72
59,58,25,98,-86
58,16,69,90,-81
58,8,70,89,-80
57,8,68,102,50
57,9,67,76,75
55,8,27,85,81
28,10,11,69,5
8,8,10,80,6
9,8,10,81,22
