58,7,71,0,0
58,8,72,69,73
58,8,72,76,78
58,9,72,83,81
58,8,72,80,77
57,8,71,82,80
56,7,70,79,82
56,7,70,82,81
55,7,69,78,82
55,6,69,79,80
55,6,70,81,83
55,7,69,81,79
56,7,71,83,82
57,7,71,75,80
56,8,71,84,78
57,5,71,76,79
56,3,71,82,76
57,2,72,83,80
57,2,71,80,83
57,7,71,78,80
56,16,70,81,82
54,25,70,82,82
40,48,70,81,80
15,58,71,81,76
22,56,69,-90,93
57,9,70,-100,104
57,3,70,-98,97
57,23,71,86,77
58,15,72,75,81
58,5,72,82,82
58,3,72,77,79
57,5,72,78,82
56,8,72,82,79
47,13,71,82,80
16,30,69,79,80
17,24,71,-84,83
56,8,71,-98,103
56,8,69,68,81
57,8,69,68,81
49,8,72,75,80
20,15,72,82,81
10,14,71,-84,89
53,8,72,-101,101
55,9,72,68,77
49,7,71,67,84
23,8,72,77,80
8,10,71,-5,70
15,11,71,11,77
17,8,71,-78,106
55,7,71,-103,105
56,8,70,69,80
55,7,70,70,81
42,7,70,76,82
7,9,69,77,78
8,12,69,5,72
10,8,70,-85,105
53,7,70,-103,100
55,7,70,75,82
52,6,69,68,80
25,7,71,79,80
19,8,69,16,73
23,8,69,0,84
24,8,70,0,82
23,8,70,27,79
21,8,70,3,76
27,8,70,9,81
22,8,70,15,81
31,8,70,2,77
34,8,70,20,81
36,8,70,7,79
40,7,71,12,81
40,8,71,7,78
44,8,71,2,78
40,8,71,85,82
9,26,72,76,78
36,11,69,-80,97
57,7,71,-95,98
58,5,72,98,82
57,7,70,72,84
55,7,69,77,80
45,8,68,79,81
15,18,68,79,78
8,14,70,-86,91
54,7,70,-105,107
57,3,70,75,83
51,7,70,69,83
20,6,69,80,82
9,6,69,15,74
5,5,69,-91,100
40,6,69,-104,105
43,5,70,0,80
29,7,70,79,82
11,8,70,4,74
8,2,70,-2,82
10,5,70,-88,102
15,6,70,15,83
14,6,70,0,74
14,6,71,7,80
14,6,71,7,78
15,6,70,0,80
16,6,71,30,81
16,7,71,0,78
18,7,72,7,81
19,7,72,25,78
24,7,72,2,79
31,7,71,2,79
33,7,71,26,81
38,8,71,0,81
45,8,72,9,79
27,11,71,74,82
25,15,71,5,72
52,7,70,-80,103
58,8,71,-108,105
58,11,71,81,79
57,8,71,80,89
56,5,69,83,83
56,7,70,77,82
56,7,69,81,81
56,8,68,80,78
50,18,68,80,77
38,36,69,77,76
22,54,71,82,80
30,49,71,-93,87
58,8,71,-91,99
57,7,72,-100,100
57,32,70,77,81
52,36,72,74,80
16,36,64,61,77
8,25,11,-93,92
12,23,11,-95,112
44,39,10,-99,99
45,24,10,-46,79
12,8,8,75,-95
8,8,13,99,-82
22,8,18,97,-82
44,8,15,87,-64
50,8,14,64,-8
57,8,13,90,0
57,13,26,82,2
38,40,33,70,13
11,59,39,85,17
8,59,39,85,3
10,59,46,76,37
9,59,72,-99,104
16,60,74,-87,102
58,7,73,-117,94
59,8,74,-87,93
59,8,74,80,75
59,8,74,75,77
59,8,74,75,83
59,9,74,78,80
59,8,74,77,82
59,7,74,80,80
58,7,73,80,80
58,8,73,79,81
57,7,71,77,77
57,7,71,77,82
57,7,70,79,81
57,7,71,80,79
57,8,72,82,81
57,9,72,77,81
58,9,72,83,84
58,8,72,71,79
57,9,72,77,73
57,13,72,80,79
58,13,72,79,79
58,7,72,82,82
58,7,72,81,78
58,7,73,83,77
58,8,71,76,80
57,18,51,83,79
57,42,25,77,76
57,33,30,98,-79
58,7,72,101,-104
57,7,71,80,83
57,7,72,85,77
57,7,71,72,70
58,7,70,80,81
57,18,49,82,78
57,42,11,82,78
58,39,18,93,-77
58,8,71,101,-105
58,7,72,81,82
58,7,71,82,74
58,15,62,82,81
57,38,23,82,80
58,31,40,92,-76
58,8,72,95,-101
58,8,71,84,76
57,8,72,82,76
57,8,72,83,79
57,12,68,79,79
57,37,51,80,81
57,57,15,79,76
57,55,3,85,-88
57,14,25,104,-86
58,2,62,98,-100
58,4,70,86,68
57,1,71,76,73
57,8,66,87,83
57,14,33,75,77
57,54,9,77,77
57,53,12,92,-74
57,27,33,97,-85
57,8,68,103,-103
57,7,70,80,70
57,7,72,80,75
57,3,71,84,80
57,23,67,79,81
57,54,33,81,77
58,55,18,92,-86
58,11,38,99,-87
57,5,67,99,-97
57,16,70,77,72
57,12,72,82,70
56,4,70,85,81
57,5,64,80,78
57,14,23,83,75
57,8,32,90,-74
57,4,65,103,-86
57,2,69,80,66
57,3,71,77,73
56,3,65,85,74
57,5,37,82,81
58,33,6,77,79
58,30,6,92,-80
57,3,54,97,-85
57,3,68,105,-106
56,7,69,80,67
56,6,71,80,73
56,4,71,85,82
56,7,69,85,80
56,6,37,80,81
57,21,5,82,82
57,23,12,87,-82
56,4,15,102,-83
57,7,33,79,0
57,7,37,82,3
57,8,41,80,3
57,7,44,79,2
57,7,43,82,82
57,8,12,88,84
57,12,10,74,-4
57,10,10,101,-81
56,7,43,99,-82
48,7,63,78,-4
50,7,65,85,79
56,7,56,83,68
56,13,13,85,82
56,12,18,89,-80
57,7,61,104,-88
57,7,68,77,73
57,8,68,81,73
57,8,52,85,80
57,22,18,82,79
57,20,17,92,-80
57,7,63,105,-92
57,6,69,78,68
56,7,69,82,72
56,8,64,84,80
56,19,34,84,86
56,18,34,91,-87
57,7,69,104,-96
56,7,69,80,76
57,7,69,83,70
56,7,69,83,76
57,8,68,82,83
56,23,50,74,80
58,37,34,74,68
57,58,11,95,91
58,58,14,89,-93
58,24,64,97,-86
58,6,71,101,-106
56,7,69,89,85
57,7,69,83,79
56,7,69,82,81
56,8,70,76,68
58,8,71,83,79
57,8,59,80,88
57,13,14,74,80
57,8,10,91,-94
35,8,10,96,-95
9,14,9,84,-5
