57,8,71,0,2
57,8,71,80,79
56,7,69,90,90
56,8,69,84,85
56,8,70,80,79
56,8,70,82,82
56,7,70,77,81
56,7,70,83,79
56,8,71,80,77
56,8,71,79,78
55,8,71,81,80
55,8,70,83,79
55,8,70,79,78
56,8,71,80,70
56,11,72,80,83
56,16,72,80,82
55,25,72,79,79
50,40,71,80,83
39,55,70,78,79
22,57,69,84,78
34,57,69,-82,87
57,16,70,-98,103
56,38,69,-107,99
56,57,51,-100,99
56,57,4,-102,100
56,57,9,93,-82
56,58,48,109,-99
56,25,70,102,-101
56,4,70,100,-96
55,26,69,78,79
41,50,69,85,84
20,57,69,79,81
25,55,69,-94,91
57,10,70,-104,105
57,30,70,-108,102
57,58,48,-97,102
56,58,4,-102,100
56,58,5,89,-86
57,58,41,107,-108
56,29,71,99,-95
57,8,72,106,-96
54,19,70,76,83
39,44,69,81,78
17,56,69,81,82
18,57,70,-83,89
57,12,72,-96,102
57,3,72,-99,93
57,6,72,71,82
57,9,72,75,79
57,4,72,75,87
56,3,71,78,87
56,3,71,80,80
55,7,69,76,80
46,11,70,82,81
20,24,71,79,79
17,19,68,-107,88
56,7,69,-98,97
57,7,70,84,84
56,7,70,68,82
50,7,70,77,83
18,9,70,79,80
16,12,70,13,74
18,8,70,-78,105
56,8,69,-105,104
56,6,69,87,78
55,7,69,70,84
44,7,69,77,81
13,10,69,78,81
11,11,69,5,65
10,8,70,-77,103
53,7,70,-103,101
55,7,69,77,79
51,7,69,67,82
16,8,70,81,83
15,8,70,7,72
16,8,70,12,81
11,9,71,3,78
16,9,71,32,76
15,10,71,7,80
14,10,71,20,82
10,10,71,2,79
7,11,71,11,83
20,8,71,-77,99
55,5,71,-103,99
57,4,71,78,77
55,7,71,68,80
44,7,72,78,80
16,14,72,80,81
22,13,71,-96,83
56,7,70,-105,105
56,7,69,87,81
56,7,68,67,84
51,8,68,81,81
19,17,66,77,79
26,14,69,-89,91
56,7,68,-99,105
56,8,69,93,82
55,7,71,71,88
46,6,70,79,81
13,10,70,79,82
8,16,70,5,72
4,9,70,-81,103
50,7,70,-103,97
56,16,71,-95,101
56,27,71,83,81
50,3,70,76,83
14,5,71,81,82
7,6,71,15,73
9,3,71,-86,103
18,2,71,-106,104
20,7,70,4,79
14,7,71,16,81
10,6,72,3,77
8,6,72,2,80
10,7,72,-76,99
46,7,71,-103,98
53,7,71,78,86
38,7,72,73,83
10,7,72,77,86
8,9,72,5,72
9,8,72,-99,104
54,7,71,-101,103
56,7,71,80,81
52,8,71,73,84
32,10,70,78,82
27,14,70,19,76
50,8,71,-84,102
57,8,70,-98,102
58,7,72,83,77
58,8,71,70,85
57,6,70,77,80
56,8,70,80,84
57,8,70,80,77
53,13,70,83,83
41,30,70,77,78
25,51,72,79,79
34,44,72,-94,88
58,7,72,-99,101
58,7,73,-98,100
57,20,72,86,80
57,22,73,69,81
18,14,73,96,88
8,22,51,-87,88
9,33,15,-85,95
9,14,11,-81,106
9,8,11,-75,107
10,9,11,-94,85
64,62,12,-119,112
63,63,40,59,-89
58,47,73,92,-92
57,16,70,76,-103
58,8,45,100,-99
57,12,40,77,68
18,54,28,99,-69
9,32,10,99,-99
55,9,23,99,-100
57,8,66,99,-97
57,7,70,80,61
58,8,71,82,86
59,60,12,50,95
8,62,24,100,-63
60,9,11,92,-87
61,16,87,103,-3
58,9,72,73,-14
58,8,74,73,27
56,9,70,60,83
56,13,72,79,78
54,20,71,80,79
51,33,71,80,79
46,46,70,82,79
36,55,72,82,77
52,42,72,-81,90
58,7,72,-95,94
56,10,71,-103,103
56,45,69,85,82
54,53,62,78,87
56,56,59,81,83
56,57,53,78,82
55,58,46,80,82
56,59,17,79,77
58,55,24,93,-75
58,8,73,94,-96
58,8,73,98,-99
56,22,71,79,77
56,11,71,83,82
57,7,71,81,79
57,7,72,79,82
56,7,72,82,79
56,8,70,80,79
56,18,65,82,78
56,36,37,79,80
56,58,15,82,80
58,55,21,86,-89
58,8,73,101,-96
58,10,72,100,-101
58,10,73,84,79
58,11,72,76,81
58,2,72,90,78
57,7,72,83,77
57,7,71,83,80
56,8,69,78,81
56,20,51,83,79
56,45,13,79,79
57,31,35,91,-79
57,8,72,101,-104
56,7,71,86,77
56,8,71,80,75
56,8,70,84,79
56,10,69,78,77
56,34,53,79,81
57,57,9,82,79
59,52,4,95,-74
57,8,50,95,-99
57,8,57,79,76
57,15,24,87,79
57,10,33,96,-79
57,3,71,93,-103
56,4,72,83,67
56,7,71,81,72
57,3,69,78,81
56,17,31,82,78
57,9,64,91,-75
56,6,72,102,-97
57,6,71,80,89
57,8,71,87,76
57,3,71,78,80
57,17,68,80,79
57,53,31,77,77
56,48,13,93,-81
56,5,56,96,-104
56,7,67,86,70
56,3,62,82,75
56,14,29,80,78
56,9,34,91,-75
56,4,70,107,-106
56,7,72,76,84
56,4,71,85,75
56,4,68,79,78
56,3,41,82,77
56,25,15,81,78
57,17,15,96,-72
57,4,44,97,-87
57,9,66,81,-8
57,3,68,80,3
57,3,70,78,85
57,3,69,80,70
57,5,51,80,79
57,37,9,80,81
57,35,5,92,-78
56,8,33,100,-89
57,7,47,82,-4
57,3,40,77,85
57,9,15,89,72
57,15,6,73,15
57,9,6,104,-74
58,8,36,102,-92
58,5,56,72,-15
57,8,55,78,85
57,7,39,86,72
56,11,11,80,78
56,20,10,68,14
57,13,10,101,-76
56,7,26,97,-93
49,7,51,84,-8
49,7,51,78,83
55,9,24,88,73
56,12,17,74,16
57,9,26,101,-76
58,7,64,97,-92
58,7,70,78,69
57,7,70,77,75
57,8,62,87,79
57,17,23,82,81
57,17,20,92,-79
57,8,59,96,-87
57,8,69,80,82
57,9,69,78,72
56,9,58,86,82
57,36,17,79,78
56,28,21,93,-81
57,7,67,101,-94
57,8,70,80,73
56,8,71,81,73
57,8,70,88,81
57,13,65,82,82
56,33,37,79,78
56,51,20,68,63
57,54,17,94,-86
57,21,56,99,-91
56,8,66,127,-101
56,7,68,79,67
55,7,70,81,71
56,8,70,85,81
56,7,70,78,78
56,7,70,74,69
56,8,71,85,94
56,14,69,81,82
56,20,31,79,78
57,16,7,88,-82
56,7,18,93,-90
30,12,14,87,-4
10,18,10,75,3
8,8,10,82,8
