58,8,72,0,0
57,8,71,76,74
57,8,70,80,75
57,8,71,78,77
58,8,72,75,75
57,8,71,85,82
58,8,72,78,82
58,8,72,84,81
58,8,72,81,82
57,8,72,78,79
57,8,71,78,79
56,8,70,80,83
56,7,70,79,76
57,8,71,81,81
58,8,72,83,78
58,9,73,79,78
58,14,73,79,79
58,19,73,79,75
56,26,72,82,80
53,43,71,80,82
47,58,70,82,81
24,59,70,78,85
28,58,70,-85,86
56,9,68,-109,118
56,46,69,-98,99
57,59,38,-107,104
57,59,7,-97,101
57,59,20,97,-91
57,59,25,106,-110
56,56,69,107,-104
56,4,69,97,-101
55,9,69,82,72
55,18,69,87,79
45,39,68,82,82
21,57,69,82,80
29,51,69,-90,92
57,9,69,-106,102
58,9,71,-96,87
57,32,71,77,85
57,25,71,77,87
58,10,71,74,84
57,7,72,85,84
57,3,72,76,81
56,4,69,81,79
53,10,72,76,80
36,13,71,83,78
6,38,68,79,77
3,36,70,-95,90
52,7,71,-100,100
57,8,70,-99,100
58,9,71,79,74
58,5,71,70,82
57,8,72,77,81
42,6,72,77,79
11,10,72,79,78
7,16,70,18,66
10,11,72,-76,99
53,8,71,-102,103
57,17,69,-102,100
55,58,35,-99,103
56,58,9,-101,100
56,59,10,97,-89
56,60,18,103,-110
56,34,68,97,-102
57,8,71,102,-96
48,8,71,81,75
13,10,70,88,72
9,12,70,11,68
5,11,70,-82,109
52,7,69,-100,102
57,14,70,-99,101
55,16,68,80,81
56,10,69,74,85
56,7,68,78,84
39,8,71,81,80
12,10,70,78,79
7,15,70,17,72
10,10,70,-80,101
52,8,72,-98,98
56,4,71,70,81
48,9,71,69,83
18,9,70,77,80
13,10,71,15,74
23,9,71,-94,102
44,7,72,-5,78
42,8,72,83,76
18,15,72,79,82
17,13,73,-91,92
57,8,72,-101,98
57,7,70,90,80
56,8,70,73,84
42,9,69,79,83
10,29,70,82,81
22,17,71,-84,91
56,8,69,-102,104
57,4,70,81,82
56,8,70,65,79
43,7,69,78,78
12,11,70,80,82
7,15,70,16,70
5,9,70,-87,103
39,7,70,-102,97
46,8,69,-11,82
30,10,69,83,80
12,8,69,13,77
8,7,70,0,80
8,6,70,-95,102
15,4,70,-99,101
24,7,70,-4,80
23,7,70,33,78
18,7,70,2,81
15,8,70,3,80
13,7,72,23,79
11,8,72,7,76
10,8,70,0,79
9,7,72,19,79
8,8,72,14,77
9,8,72,-85,100
51,8,71,-104,97
56,7,73,76,78
47,8,72,73,85
19,10,72,77,83
8,43,72,81,81
8,40,72,-91,89
51,8,71,-106,104
57,8,72,74,84
55,8,71,67,80
45,12,72,76,76
21,38,69,81,85
42,21,70,-94,95
58,8,70,-97,102
57,8,70,82,83
57,7,70,72,84
57,7,70,76,80
57,8,70,81,79
57,9,69,76,79
57,17,72,80,78
51,28,71,81,80
22,39,72,79,81
14,31,73,-94,80
10,9,73,-90,99
11,8,72,-125,119
9,12,50,8,68
9,14,10,-81,84
15,26,11,-135,119
34,30,12,-89,98
53,38,10,-89,99
55,39,11,85,-101
20,10,9,97,-88
8,6,9,104,-89
10,10,11,-81,81
9,8,10,-98,103
58,22,32,-85,85
64,44,75,76,-97
61,22,73,89,-69
60,7,48,100,-97
58,6,44,68,64
60,8,74,96,81
58,8,72,67,75
55,22,74,78,76
43,44,73,78,77
26,58,74,81,80
40,49,73,-87,87
59,9,73,-99,103
60,7,73,-96,93
59,16,72,72,84
58,27,72,72,77
58,29,70,78,79
58,29,70,75,83
57,27,70,78,81
57,26,70,87,88
57,24,70,80,81
58,24,71,78,77
58,21,71,80,83
58,18,70,77,79
58,17,71,81,79
58,16,71,79,82
58,23,67,81,79
58,30,38,79,81
58,49,15,80,80
58,49,15,94,-77
58,8,69,104,-106
58,8,71,80,83
58,7,72,82,75
59,13,70,81,78
59,30,55,80,78
58,54,20,81,78
59,45,40,87,-83
60,8,73,88,-93
60,9,74,99,-100
59,5,73,77,76
59,14,73,79,79
60,9,73,85,78
59,2,73,87,79
59,8,73,78,78
59,7,73,81,81
59,9,69,81,78
58,26,41,81,82
58,50,12,79,77
59,44,20,93,-84
59,9,70,97,-95
58,5,69,102,-89
58,4,70,82,74
58,7,71,81,70
58,7,72,81,79
58,9,72,79,80
58,6,72,82,80
58,6,67,81,80
57,30,7,81,79
58,29,9,93,-84
58,8,52,96,-90
57,2,68,100,-98
58,2,70,79,70
58,7,72,82,75
58,6,72,86,82
58,6,70,84,82
58,22,29,80,82
58,13,61,96,-69
58,8,70,97,-92
58,8,71,82,65
58,5,70,80,73
58,2,71,87,82
58,10,69,83,80
58,47,26,84,81
57,47,11,87,-85
57,5,55,102,-92
58,41,68,107,-102
45,57,69,98,-96
4,59,68,98,-102
4,59,69,-93,89
14,59,73,-99,88
58,42,73,-98,103
58,6,71,-101,101
58,5,54,79,83
57,30,13,73,84
58,23,14,87,-85
57,3,60,107,-85
58,4,68,83,66
57,4,69,85,67
57,4,61,80,81
56,11,25,83,80
56,22,18,68,11
57,8,23,102,-77
56,4,63,100,-96
57,5,70,81,75
57,9,70,83,67
57,2,61,82,80
57,11,13,78,80
57,17,11,72,14
58,7,44,101,-75
58,2,70,102,-94
58,3,71,79,73
57,3,69,82,65
57,7,52,80,80
57,9,6,82,80
57,13,9,66,4
58,9,8,94,-74
57,9,55,103,-93
57,13,64,93,-84
14,58,68,99,-96
11,58,68,-94,90
44,40,69,-102,92
57,7,65,-101,103
57,7,30,79,81
57,7,13,66,12
58,8,10,83,0
57,8,10,77,42
57,12,10,82,0
57,7,19,99,-88
57,7,38,76,-8
58,8,41,80,14
57,7,38,85,80
55,12,11,81,81
50,13,10,93,-73
57,7,62,103,-103
57,8,69,76,97
57,7,61,85,75
57,11,24,85,84
57,20,14,72,14
58,9,41,101,-79
57,7,69,104,-90
57,7,70,79,66
57,7,69,84,66
58,7,69,85,82
58,8,58,84,80
58,24,25,80,84
58,18,30,94,-76
58,7,70,99,-106
57,8,70,79,81
57,7,70,85,74
58,7,68,78,77
57,14,58,82,83
57,35,27,80,76
57,26,38,89,-73
57,7,70,124,-115
57,7,69,78,91
57,7,69,87,78
57,8,69,76,76
58,5,71,75,74
58,9,70,66,67
58,23,64,88,89
58,46,41,79,83
59,58,20,75,80
57,56,26,113,-76
58,14,70,105,-97
57,7,69,99,-99
56,9,67,93,55
56,12,52,78,69
30,10,12,75,77
8,7,10,83,80
8,7,14,85,82
12,6,52,67,66
